0 1000 1000 600000
1 1000 1000 600000
2 1000 1200 500000
3 1266 1000 759600
4 1100 1200 550000
5 1200 1000 720000
6 1080 1200 540000
7 1120 1000 672000
8 1080 1200 540000
9 1120 1000 672000
10 1080 1200 540000
11 1120 1000 672000
12 1080 1200 540000
13 1120 1000 672000
14 1080 1200 540000
15 1120 1000 672000
16 1080 1200 540000
17 1120 1000 672000
18 1080 1200 540000
19 1120 1000 672000
20 1080 1200 540000
21 1120 1000 672000
22 1080 1200 540000
23 1120 1000 672000
24 1080 1200 540000
25 1120 1000 672000
26 1080 1200 540000
27 1120 1000 672000
28 1080 1200 540000
29 1120 1000 672000
30 1080 1200 540000
31 1120 1000 672000
32 1080 1200 540000
33 1120 1000 672000
34 1080 1200 540000
35 1120 1000 672000
36 1080 1200 540000
37 1120 1000 672000
38 1080 1200 540000
39 1120 1000 672000
40 1080 1200 540000
41 1120 1000 672000
42 1080 1200 540000
43 1120 1000 672000
44 1080 1200 540000
45 1120 1000 672000
46 1080 1200 540000
47 1120 1000 672000
48 1080 1200 540000
49 1120 1000 672000
50 1080 1200 540000
51 1120 1000 672000
52 1080 1200 540000
53 1120 1000 672000
54 1080 1200 540000
55 1120 1000 672000
56 1080 1200 540000
57 1120 1000 672000
58 1080 1200 540000
59 1120 1000 672000
60 1080 1200 540000
61 1120 1000 672000
62 1080 1200 540000
63 1120 1000 672000
64 1080 1200 540000
65 1120 1000 672000
66 1080 1200 540000
67 1120 1000 672000
68 1080 1200 540000
69 1120 1000 672000
70 1080 1200 540000
71 1120 1000 672000
72 1080 1200 540000
73 1120 1000 672000
74 1080 1200 540000
75 1120 1000 672000
76 1080 1200 540000
77 1120 1000 672000
78 1080 1200 540000
79 1120 1000 672000
80 1080 1200 540000
81 1120 1000 672000
82 1080 1200 540000
83 1120 1000 672000
84 1080 1200 540000
85 1120 1000 672000
86 1080 1200 540000
87 1120 1000 672000
88 1080 1200 540000
89 1120 1000 672000
90 1080 1200 540000
91 1120 1000 672000
92 1080 1200 540000
93 1120 1000 672000
94 1080 1200 540000
95 1120 1000 672000
96 1080 1200 540000
97 1120 1000 672000
98 1080 1200 540000
99 1120 1000 672000
100 1080 1200 540000
101 1120 1000 672000
102 1080 1200 540000
103 1120 1000 672000
104 1080 1200 540000
105 1120 1000 672000
106 1080 1200 540000
107 1120 1000 672000
108 1080 1200 540000
109 1120 1000 672000
110 1080 1200 540000
111 1120 1000 672000
112 1080 1200 540000
113 1120 1000 672000
114 1080 1200 540000
115 1120 1000 672000
116 1080 1200 540000
117 1120 1000 672000
118 1080 1200 540000
119 1120 1000 672000
120 1080 1200 540000
121 1120 1000 672000
122 1080 1200 540000
123 1120 1000 672000
124 1080 1200 540000
125 1120 1000 672000
126 1080 1200 540000
127 1120 1000 672000
128 1080 1200 540000
129 1120 1000 672000
130 1080 1200 540000
131 1120 1000 672000
132 1080 1200 540000
133 1120 1000 672000
134 1080 1200 540000
135 1120 1000 672000
136 1080 1200 540000
137 1120 1000 672000
138 1080 1200 540000
139 1120 1000 672000
140 1080 1200 540000
141 1120 1000 672000
142 1080 1200 540000
143 1120 1000 672000
144 1080 1200 540000
145 1120 1000 672000
146 1080 1200 540000
147 1120 1000 672000
148 1080 1200 540000
149 1120 1000 672000
150 1080 1200 540000
151 1120 1000 672000
152 1080 1200 540000
153 1120 1000 672000
154 1080 1200 540000
155 1120 1000 672000
156 1080 1200 540000
157 1120 1000 672000
158 1080 1200 540000
159 1120 1000 672000
160 1080 1200 540000
161 1120 1000 672000
162 1080 1200 540000
163 1120 1000 672000
164 1080 1200 540000
165 1120 1000 672000
166 1080 1200 540000
167 1120 1000 672000
168 1080 1200 540000
169 1120 1000 672000
170 1080 1200 540000
171 1120 1000 672000
172 1080 1200 540000
173 1120 1000 672000
174 1080 1200 540000
175 1120 1000 672000
176 1080 1200 540000
177 1120 1000 672000
178 1080 1200 540000
179 1120 1000 672000
180 1080 1200 540000
181 1120 1000 672000
182 1080 1200 540000
183 1120 1000 672000
184 1080 1200 540000
185 1120 1000 672000
186 1080 1200 540000
187 1120 1000 672000
188 1080 1200 540000
189 1120 1000 672000
190 1080 1200 540000
191 1120 1000 672000
192 1080 1200 540000
193 1120 1000 672000
194 1080 1200 540000
195 1120 1000 672000
196 1080 1200 540000
197 1120 1000 672000
198 1080 1200 540000
199 1120 1000 672000
200 1080 1200 540000
201 1120 1000 672000
202 1080 1200 540000
203 1120 1000 672000
204 1080 1200 540000
205 1120 1000 672000
206 1080 1200 540000
207 1120 1000 672000
208 1080 1200 540000
209 1120 1000 672000
210 1080 1200 540000
211 1120 1000 672000
212 1080 1200 540000
213 1120 1000 672000
214 1080 1200 540000
215 1120 1000 672000
216 1080 1200 540000
217 1120 1000 672000
218 1080 1200 540000
219 1120 1000 672000
220 1080 1200 540000
221 1120 1000 672000
222 1080 1200 540000
223 1120 1000 672000
224 1080 1200 540000
225 1120 1000 672000
226 1080 1200 540000
227 1120 1000 672000
228 1080 1200 540000
229 1120 1000 672000
230 1080 1200 540000
231 1120 1000 672000
232 1080 1200 540000
233 1120 1000 672000
234 1080 1200 540000
235 1120 1000 672000
236 1080 1200 540000
237 1120 1000 672000
238 1080 1200 540000
239 1120 1000 672000
240 1080 1200 540000
241 1120 1000 672000
242 1080 1200 540000
243 1120 1000 672000
244 1080 1200 540000
245 1120 1000 672000
246 1080 1200 540000
247 1120 1000 672000
248 1080 1200 540000
249 1120 1000 672000
250 1080 1200 540000
251 1120 1000 672000
252 1080 1200 540000
253 1120 1000 672000
254 1080 1200 540000
255 1120 1000 672000
256 1080 1200 540000
257 1120 1000 672000
258 1080 1200 540000
259 1120 1000 672000
260 1080 1200 540000
261 1120 1000 672000
262 1080 1200 540000
263 1120 1000 672000
264 1080 1200 540000
265 1120 1000 672000
266 1080 1200 540000
267 1120 1000 672000
268 1080 1200 540000
269 1120 1000 672000
270 1080 1200 540000
271 1120 1000 672000
272 1080 1200 540000
273 1120 1000 672000
274 1080 1200 540000
275 1120 1000 672000
276 1080 1200 540000
277 1120 1000 672000
278 1080 1200 540000
279 1120 1000 672000
280 1080 1200 540000
281 1120 1000 672000
282 1080 1200 540000
283 1120 1000 672000
284 1080 1200 540000
285 1120 1000 672000
286 1080 1200 540000
287 1120 1000 672000
288 1080 1200 540000
289 1120 1000 672000
290 1080 1200 540000
291 1120 1000 672000
292 1080 1200 540000
293 1120 1000 672000
294 1080 1200 540000
295 1120 1000 672000
296 1080 1200 540000
297 1120 1000 672000
298 1080 1200 540000
299 1120 1000 672000
300 1080 1200 540000
301 1120 1000 672000
302 1080 1200 540000
303 1120 1000 672000
304 1080 1200 540000
305 1120 1000 672000
306 1080 1200 540000
307 1120 1000 672000
308 1080 1200 540000
309 1120 1000 672000
310 1080 1200 540000
311 1120 1000 672000
312 1080 1200 540000
313 1120 1000 672000
314 1080 1200 540000
315 1120 1000 672000
316 1080 1200 540000
317 1120 1000 672000
318 1080 1200 540000
319 1120 1000 672000
320 1080 1200 540000
321 1120 1000 672000
322 1080 1200 540000
323 1120 1000 672000
324 1080 1200 540000
325 1120 1000 672000
326 1080 1200 540000
327 1120 1000 672000
328 1080 1200 540000
329 1120 1000 672000
330 1080 1200 540000
331 1120 1000 672000
332 1080 1200 540000
333 1120 1000 672000
334 1080 1200 540000
335 1120 1000 672000
336 1080 1200 540000
337 1120 1000 672000
338 1080 1200 540000
339 1120 1000 672000
340 1080 1200 540000
341 1120 1000 672000
342 1080 1200 540000
343 1120 1000 672000
344 1080 1200 540000
345 1120 1000 672000
346 1080 1200 540000
347 1120 1000 672000
348 1080 1200 540000
349 1120 1000 672000
350 1080 1200 540000
351 1120 1000 672000
352 1080 1200 540000
353 1120 1000 672000
354 1080 1200 540000
355 1120 1000 672000
356 1080 1200 540000
357 1120 1000 672000
358 1080 1200 540000
359 1120 1000 672000
360 1080 1200 540000
361 1120 1000 672000
362 1080 1200 540000
363 1120 1000 672000
364 1080 1200 540000
365 1120 1000 672000
366 1080 1200 540000
367 1120 1000 672000
368 1080 1200 540000
369 1120 1000 672000
370 1080 1200 540000
371 1120 1000 672000
372 1080 1200 540000
373 1120 1000 672000
374 1080 1200 540000
375 1120 1000 672000
376 1080 1200 540000
377 1120 1000 672000
378 1080 1200 540000
379 1120 1000 672000
380 1080 1200 540000
381 1120 1000 672000
382 1080 1200 540000
383 1120 1000 672000
384 1080 1200 540000
385 1120 1000 672000
386 1080 1200 540000
387 1120 1000 672000
388 1080 1200 540000
389 1120 1000 672000
390 1080 1200 540000
391 1120 1000 672000
392 1080 1200 540000
393 1120 1000 672000
394 1080 1200 540000
395 1120 1000 672000
396 1080 1200 540000
397 1120 1000 672000
398 1080 1200 540000
399 1120 1000 672000
400 1080 1200 540000
401 1120 1000 672000
402 1080 1200 540000
403 1120 1000 672000
404 1080 1200 540000
405 1120 1000 672000
406 1080 1200 540000
407 1120 1000 672000
408 1080 1200 540000
409 1120 1000 672000
410 1080 1200 540000
411 1120 1000 672000
412 1080 1200 540000
413 1120 1000 672000
414 1080 1200 540000
415 1120 1000 672000
416 1080 1200 540000
417 1120 1000 672000
418 1080 1200 540000
419 1120 1000 672000
420 1080 1200 540000
421 1120 1000 672000
422 1080 1200 540000
423 1120 1000 672000
424 1080 1200 540000
425 1120 1000 672000
426 1080 1200 540000
427 1120 1000 672000
428 1080 1200 540000
429 1120 1000 672000
430 1080 1200 540000
431 1120 1000 672000
432 1080 1200 540000
433 1120 1000 672000
434 1080 1200 540000
435 1120 1000 672000
436 1080 1200 540000
437 1120 1000 672000
438 1080 1200 540000
439 1120 1000 672000
440 1080 1200 540000
441 1120 1000 672000
442 1080 1200 540000
443 1120 1000 672000
444 1080 1200 540000
445 1120 1000 672000
446 1080 1200 540000
447 1120 1000 672000
448 1080 1200 540000
449 1120 1000 672000
450 1080 1200 540000
451 1120 1000 672000
452 1080 1200 540000
453 1120 1000 672000
454 1080 1200 540000
455 1120 1000 672000
456 1080 1200 540000
457 1120 1000 672000
458 1080 1200 540000
459 1120 1000 672000
460 1080 1200 540000
461 1120 1000 672000
462 1080 1200 540000
463 1120 1000 672000
464 1080 1200 540000
465 1120 1000 672000
466 1080 1200 540000
467 1120 1000 672000
468 1080 1200 540000
469 1120 1000 672000
470 1080 1200 540000
471 1120 1000 672000
472 1080 1200 540000
473 1120 1000 672000
474 1080 1200 540000
475 1120 1000 672000
476 1080 1200 540000
477 1120 1000 672000
478 1080 1200 540000
479 1120 1000 672000
480 1080 1200 540000
481 1120 1000 672000
482 1080 1200 540000
483 1120 1000 672000
484 1080 1200 540000
485 1120 1000 672000
486 1080 1200 540000
487 1120 1000 672000
488 1080 1200 540000
489 1120 1000 672000
490 1080 1200 540000
491 1120 1000 672000
492 1080 1200 540000
493 1120 1000 672000
494 1080 1200 540000
495 1120 1000 672000
496 1080 1200 540000
497 1120 1000 672000
498 1080 1200 540000
499 1120 1000 672000
500 1080 1200 540000
501 1120 1000 672000
502 1080 1200 540000
503 1120 1000 672000
504 1080 1200 540000
505 1120 1000 672000
506 1080 1200 540000
507 1120 1000 672000
508 1080 1200 540000
509 1120 1000 672000
510 1080 1200 540000
511 1120 1000 672000
512 1080 1200 540000
513 1120 1000 672000
514 1080 1200 540000
515 1120 1000 672000
516 1080 1200 540000
517 1120 1000 672000
518 1080 1200 540000
519 1120 1000 672000
520 1080 1200 540000
521 1120 1000 672000
522 1080 1200 540000
523 1120 1000 672000
524 1080 1200 540000
525 1120 1000 672000
526 1080 1200 540000
527 1120 1000 672000
528 1080 1200 540000
529 1120 1000 672000
530 1080 1200 540000
531 1120 1000 672000
532 1080 1200 540000
533 1120 1000 672000
534 1080 1200 540000
535 1120 1000 672000
536 1080 1200 540000
537 1120 1000 672000
538 1080 1200 540000
539 1120 1000 672000
540 1080 1200 540000
541 1120 1000 672000
542 1080 1200 540000
543 1120 1000 672000
544 1080 1200 540000
545 1120 1000 672000
546 1080 1200 540000
547 1120 1000 672000
548 1080 1200 540000
549 1120 1000 672000
550 1080 1200 540000
551 1120 1000 672000
552 1080 1200 540000
553 1120 1000 672000
554 1080 1200 540000
555 1120 1000 672000
556 1080 1200 540000
557 1120 1000 672000
558 1080 1200 540000
559 1120 1000 672000
560 1080 1200 540000
561 1120 1000 672000
562 1080 1200 540000
563 1120 1000 672000
564 1080 1200 540000
565 1120 1000 672000
566 1080 1200 540000
567 1120 1000 672000
568 1080 1200 540000
569 1120 1000 672000
570 1080 1200 540000
571 1120 1000 672000
572 1080 1200 540000
573 1120 1000 672000
574 1080 1200 540000
575 1120 1000 672000
576 1080 1200 540000
577 1120 1000 672000
578 1080 1200 540000
579 1120 1000 672000
580 1080 1200 540000
581 1120 1000 672000
582 1080 1200 540000
583 1120 1000 672000
584 1080 1200 540000
585 1120 1000 672000
586 1080 1200 540000
587 1120 1000 672000
588 1080 1200 540000
589 1120 1000 672000
590 1080 1200 540000
591 1120 1000 672000
592 1080 1200 540000
593 1120 1000 672000
594 1080 1200 540000
595 1120 1000 672000
596 1080 1200 540000
597 1120 1000 672000
598 1080 1200 540000
599 1120 1000 672000
600 1080 1200 540000
601 1120 1000 672000
602 1080 1200 540000
603 1120 1000 672000
604 1080 1200 540000
605 1120 1000 672000
606 1080 1200 540000
607 1120 1000 672000
608 1080 1200 540000
609 1120 1000 672000
610 1080 1200 540000
611 1120 1000 672000
612 1080 1200 540000
613 1120 1000 672000
614 1080 1200 540000
615 1120 1000 672000
616 1080 1200 540000
617 1120 1000 672000
618 1080 1200 540000
619 1120 1000 672000
620 1080 1200 540000
621 1120 1000 672000
622 1080 1200 540000
623 1120 1000 672000
624 1080 1200 540000
625 1120 1000 672000
626 1080 1200 540000
627 1120 1000 672000
628 1080 1200 540000
629 1120 1000 672000
630 1080 1200 540000
631 1120 1000 672000
632 1080 1200 540000
633 1120 1000 672000
634 1080 1200 540000
635 1120 1000 672000
636 1080 1200 540000
637 1120 1000 672000
638 1080 1200 540000
639 1120 1000 672000
640 1080 1200 540000
641 1120 1000 672000
642 1080 1200 540000
643 1120 1000 672000
644 1080 1200 540000
645 1120 1000 672000
646 1080 1200 540000
647 1120 1000 672000
648 1080 1200 540000
649 1120 1000 672000
650 1080 1200 540000
651 1120 1000 672000
652 1080 1200 540000
653 1120 1000 672000
654 1080 1200 540000
655 1120 1000 672000
656 1080 1200 540000
657 1120 1000 672000
658 1080 1200 540000
659 1120 1000 672000
660 1080 1200 540000
661 1120 1000 672000
662 1080 1200 540000
663 1120 1000 672000
664 1080 1200 540000
665 1120 1000 672000
666 1080 1200 540000
667 1120 1000 672000
668 1080 1200 540000
669 1120 1000 672000
670 1080 1200 540000
671 1120 1000 672000
672 1080 1200 540000
673 1120 1000 672000
674 1080 1200 540000
675 1120 1000 672000
676 1080 1200 540000
677 1120 1000 672000
678 1080 1200 540000
679 1120 1000 672000
680 1080 1200 540000
681 1120 1000 672000
682 1080 1200 540000
683 1120 1000 672000
684 1080 1200 540000
685 1120 1000 672000
686 1080 1200 540000
687 1120 1000 672000
688 1080 1200 540000
689 1120 1000 672000
690 1080 1200 540000
691 1120 1000 672000
692 1080 1200 540000
693 1120 1000 672000
694 1080 1200 540000
695 1120 1000 672000
696 1080 1200 540000
697 1120 1000 672000
698 1080 1200 540000
699 1120 1000 672000
700 1080 1200 540000
701 1120 1000 672000
702 1080 1200 540000
703 1120 1000 672000
704 1080 1200 540000
705 1120 1000 672000
706 1080 1200 540000
707 1120 1000 672000
708 1080 1200 540000
709 1120 1000 672000
710 1080 1200 540000
711 1120 1000 672000
712 1080 1200 540000
713 1120 1000 672000
714 1080 1200 540000
715 1120 1000 672000
716 1080 1200 540000
717 1120 1000 672000
718 1080 1200 540000
719 1120 1000 672000
720 1080 1200 540000
721 1120 1000 672000
722 1080 1200 540000
723 1120 1000 672000
724 1080 1200 540000
725 1120 1000 672000
726 1080 1200 540000
727 1120 1000 672000
728 1080 1200 540000
729 1120 1000 672000
730 1080 1200 540000
731 1120 1000 672000
732 1080 1200 540000
733 1120 1000 672000
734 1080 1200 540000
735 1120 1000 672000
736 1080 1200 540000
737 1120 1000 672000
738 1080 1200 540000
739 1120 1000 672000
740 1080 1200 540000
741 1120 1000 672000
742 1080 1200 540000
743 1120 1000 672000
744 1080 1200 540000
745 1120 1000 672000
746 1080 1200 540000
747 1120 1000 672000
748 1080 1200 540000
749 1120 1000 672000
750 1080 1200 540000
751 1120 1000 672000
752 1080 1200 540000
753 1120 1000 672000
754 1080 1200 540000
755 1120 1000 672000
756 1080 1200 540000
757 1120 1000 672000
758 1080 1200 540000
759 1120 1000 672000
760 1080 1200 540000
761 1120 1000 672000
762 1080 1200 540000
763 1120 1000 672000
764 1080 1200 540000
765 1120 1000 672000
766 1080 1200 540000
767 1120 1000 672000
768 1080 1200 540000
769 1120 1000 672000
770 1080 1200 540000
771 1120 1000 672000
772 1080 1200 540000
773 1120 1000 672000
774 1080 1200 540000
775 1120 1000 672000
776 1080 1200 540000
777 1120 1000 672000
778 1080 1200 540000
779 1120 1000 672000
780 1080 1200 540000
781 1120 1000 672000
782 1080 1200 540000
783 1120 1000 672000
784 1080 1200 540000
785 1120 1000 672000
786 1080 1200 540000
787 1120 1000 672000
788 1080 1200 540000
789 1120 1000 672000
790 1080 1200 540000
791 1120 1000 672000
792 1080 1200 540000
793 1120 1000 672000
794 1080 1200 540000
795 1120 1000 672000
796 1080 1200 540000
797 1120 1000 672000
798 1080 1200 540000
799 1120 1000 672000
800 1080 1200 540000
801 1120 1000 672000
802 1080 1200 540000
803 1120 1000 672000
804 1080 1200 540000
805 1120 1000 672000
806 1080 1200 540000
807 1120 1000 672000
808 1080 1200 540000
809 1120 1000 672000
810 1080 1200 540000
811 1120 1000 672000
812 1080 1200 540000
813 1120 1000 672000
814 1080 1200 540000
815 1120 1000 672000
816 1080 1200 540000
817 1120 1000 672000
818 1080 1200 540000
819 1120 1000 672000
820 1080 1200 540000
821 1120 1000 672000
822 1080 1200 540000
823 1120 1000 672000
824 1080 1200 540000
825 1120 1000 672000
826 1080 1200 540000
827 1120 1000 672000
828 1080 1200 540000
829 1120 1000 672000
830 1080 1200 540000
831 1120 1000 672000
832 1080 1200 540000
833 1120 1000 672000
834 1080 1200 540000
835 1120 1000 672000
836 1080 1200 540000
837 1120 1000 672000
838 1080 1200 540000
839 1120 1000 672000
840 1080 1200 540000
841 1120 1000 672000
842 1080 1200 540000
843 1120 1000 672000
844 1080 1200 540000
845 1120 1000 672000
846 1080 1200 540000
847 1120 1000 672000
848 1080 1200 540000
849 1120 1000 672000
850 1080 1200 540000
851 1120 1000 672000
852 1080 1200 540000
853 1120 1000 672000
854 1080 1200 540000
855 1120 1000 672000
856 1080 1200 540000
857 1120 1000 672000
858 1080 1200 540000
859 1120 1000 672000
860 1080 1200 540000
861 1120 1000 672000
862 1080 1200 540000
863 1120 1000 672000
864 1080 1200 540000
865 1120 1000 672000
866 1080 1200 540000
867 1120 1000 672000
868 1080 1200 540000
869 1120 1000 672000
870 1080 1200 540000
871 1120 1000 672000
872 1080 1200 540000
873 1120 1000 672000
874 1080 1200 540000
875 1120 1000 672000
876 1080 1200 540000
877 1120 1000 672000
878 1080 1200 540000
879 1120 1000 672000
880 1080 1200 540000
881 1120 1000 672000
882 1080 1200 540000
883 1120 1000 672000
884 1080 1200 540000
885 1120 1000 672000
886 1080 1200 540000
887 1120 1000 672000
888 1080 1200 540000
889 1120 1000 672000
890 1080 1200 540000
891 1120 1000 672000
892 1080 1200 540000
893 1120 1000 672000
894 1080 1200 540000
895 1120 1000 672000
896 1080 1200 540000
897 1120 1000 672000
898 1080 1200 540000
899 1120 1000 672000
900 1080 1200 540000
901 1120 1000 672000
902 1080 1200 540000
903 1120 1000 672000
904 1080 1200 540000
905 1120 1000 672000
906 1080 1200 540000
907 1120 1000 672000
908 1080 1200 540000
909 1120 1000 672000
910 1080 1200 540000
911 1120 1000 672000
912 1080 1200 540000
913 1120 1000 672000
914 1080 1200 540000
915 1120 1000 672000
916 1080 1200 540000
917 1120 1000 672000
918 1080 1200 540000
919 1120 1000 672000
920 1080 1200 540000
921 1120 1000 672000
922 1080 1200 540000
923 1120 1000 672000
924 1080 1200 540000
925 1120 1000 672000
926 1080 1200 540000
927 1120 1000 672000
928 1080 1200 540000
929 1120 1000 672000
930 1080 1200 540000
931 1120 1000 672000
932 1080 1200 540000
933 1120 1000 672000
934 1080 1200 540000
935 1120 1000 672000
936 1080 1200 540000
937 1120 1000 672000
938 1080 1200 540000
939 1120 1000 672000
940 1080 1200 540000
941 1120 1000 672000
942 1080 1200 540000
943 1120 1000 672000
944 1080 1200 540000
945 1120 1000 672000
946 1080 1200 540000
947 1120 1000 672000
948 1080 1200 540000
949 1120 1000 672000
950 1080 1200 540000
951 1120 1000 672000
952 1080 1200 540000
953 1120 1000 672000
954 1080 1200 540000
955 1120 1000 672000
956 1080 1200 540000
957 1120 1000 672000
958 1080 1200 540000
959 1120 1000 672000
960 1080 1200 540000
961 1120 1000 672000
962 1080 1200 540000
963 1120 1000 672000
964 1080 1200 540000
965 1120 1000 672000
966 1080 1200 540000
967 1120 1000 672000
968 1080 1200 540000
969 1120 1000 672000
970 1080 1200 540000
971 1120 1000 672000
972 1080 1200 540000
973 1120 1000 672000
974 1080 1200 540000
975 1120 1000 672000
976 1080 1200 540000
977 1120 1000 672000
978 1080 1200 540000
979 1120 1000 672000
980 1080 1200 540000
981 1120 1000 672000
982 1080 1200 540000
983 1120 1000 672000
984 1080 1200 540000
985 1120 1000 672000
986 1080 1200 540000
987 1120 1000 672000
988 1080 1200 540000
989 1120 1000 672000
990 1080 1200 540000
991 1120 1000 672000
992 1080 1200 540000
993 1120 1000 672000
994 1080 1200 540000
995 1120 1000 672000
996 1080 1200 540000
997 1120 1000 672000
998 1080 1200 540000
999 1120 1000 672000
606093
