0 1000 1000 600000
1 1000 1100 545454
2 1000 1210 495867
3 1313 1331 591885
4 1435 1464 588114
5 1566 1610 583602
6 1724 1771 584076
7 1897 1948 584291
8 2086 2142 584313
9 2294 2356 584210
10 2523 2591 584253
11 2776 2850 584421
12 3052 3135 584114
13 3358 3448 584338
14 3692 3792 584177
15 4063 4171 584464
16 4469 4588 584437
17 4915 5046 584423
18 5406 5550 584432
19 5946 6105 584373
20 6541 6715 584452
21 7196 7386 584565
22 7912 8124 584342
23 8702 8936 584288
24 9574 9829 584433
25 10529 10811 584349
26 11582 11892 584359
27 12741 13081 584404
28 14017 14389 584488
29 15417 15827 584456
30 16956 17409 584387
31 18653 19149 584458
32 20516 21063 584418
33 22568 23169 584436
34 24825 25485 584461
35 27306 28033 584439
36 30036 30836 584433
37 33040 33919 584451
38 36343 37310 584449
39 39978 41041 584459
40 43974 45145 584436
41 48372 49659 584449
42 53210 54624 584468
43 58530 60086 584462
44 64379 66094 584431
45 70820 72703 584460
46 77901 79973 584454
47 85689 87970 584442
48 94257 96767 584436
49 103684 106443 584448
50 114052 117087 584447
51 125458 128795 584454
52 138003 141674 584453
53 151801 155841 584445
54 166982 171425 584449
55 183680 188567 584450
56 202047 207423 584449
57 222252 228165 584450
58 244476 250981 584449
59 268925 276079 584452
60 295817 303686 584453
61 325398 334054 584452
62 357937 367459 584452
63 393730 404204 584452
64 433102 444624 584451
65 476414 489086 584454
66 524054 537994 584453
67 576458 591793 584452
68 634105 650972 584453
69 697516 716069 584454
70 767267 787675 584454
71 843992 866442 584453
72 928390 953086 584453
73 1021228 1048394 584452
74 1123351 1153233 584453
75 1235687 1268556 584453
76 1359256 1395411 584454
77 1495179 1534952 584453
78 1644696 1688447 584452
79 1809169 1857291 584454
80 1990082 2043020 584453
81 2189092 2247322 584453
82 2408000 2472054 584453
83 2648802 2719259 584453
84 2913681 2991184 584453
85 3205050 3290302 584453
86 3525556 3619332 584454
87 3878108 3981265 584453
88 4265919 4379391 584453
89 4692512 4817330 584453
90 5161764 5299063 584453
91 5677943 5828969 584454
92 6245732 6411865 584453
93 6870306 7053051 584453
94 7557338 7758356 584454
95 8313065 8534191 584453
96 9144374 9387610 584453
97 10058812 10326371 584453
98 11064698 11359008 584454
99 12171161 12494908 584453
100 13388277 13744398 584453
101 14727110 15118837 584454
102 16199808 16630720 584453
103 17819796 18293792 584453
104 19601780 20123171 584454
105 21561943 22135488 584453
106 23718146 24349036 584453
107 26089969 26783939 584454
108 28698944 29462332 584453
109 31568856 32408565 584453
110 34725750 35649421 584454
111 38198297 39214363 584453
112 42018150 43135799 584453
113 46219979 47449378 584454
114 50841942 52194315 584453
115 55926166 57413746 584454
116 61518725 63155120 584453
117 67670611 69470632 584453
118 74437714 76417695 584454
119 81881419 84059464 584453
120 90069601 92465410 584453
121 99076595 101711951 584454
122 108984183 111883146 584453
123 119882662 123071460 584453
124 131870974 135378606 584454
125 145057977 148916466 584453
126 159563865 163808112 584454
127 175520089 180188923 584453
128 193072143 198207815 584453
129 212379485 218028596 584454
130 233617248 239831455 584453
131 256979097 263814600 584453
132 282677110 290196060 584454
133 310944622 319215666 584453
134 342039262 351137232 584453
135 376243327 386250955 584454
136 413867394 424876050 584453
137 455254395 467363655 584454
138 500779380 514100020 584453
139 550857452 565510022 584453
140 605943569 622061024 584454
141 666537402 684267126 584453
142 733191507 752693838 584453
143 806510960 827963221 584454
144 887161497 910759543 584453
145 975878163 1001835497 584454
146 1073465014 1102019046 584453
147 1180811795 1212220950 584453
148 1298893759 1333443045 584454
149 1428782002 1466787349 584453
150 1571660984 1613466083 584453
151 1728827717 1774812691 584454
152 1901709284 1952293960 584453
153 2091881319 2147523356 584454
154 2301067376 2362275691 584453
155 2531174713 2598503260 584453
156 2784293868 2858353586 584454
157 3062720829 3144188944 584453
158 3368994588 3458607838 584453
159 3705895411 3804468621 584454
160 4076482372 4184915483 584453
161 4484132986 4603407031 584454
162 4932541840 5063747734 584453
163 5425797311 5570122507 584453
164 5968380657 6127134757 584453
165 6565221910 6739848232 584454
166 7221741377 7413833055 584454
167 7943908117 8155216360 584453
168 8738300068 8970737996 584453
169 9612132971 9867811795 584453
170 10573354088 10854592974 584454
171 11630683264 11940052271 584453
172 12793755475 13134057498 584454
173 14073120380 14447463247 584453
174 15480436880 15892209571 584453
175 17028490247 17481430528 584454
176 18731324579 19229573580 584453
177 20604468236 21152530938 584453
178 22664923195 23267784031 584454
179 24931399822 25594562434 584453
180 27424554729 28154018677 584454
181 30166983196 30969420544 584453
182 33183689387 34066362598 584453
183 36502080666 37472998857 584454
184 40152257092 41220298742 584453
185 44167504878 45342328616 584453
186 48584273371 49876561477 584454
187 53442667049 54864217624 584453
188 58786964983 60350639386 584454
189 64665603324 66385703324 584453
190 71132180645 73024273656 584453
191 78245446174 80326701021 584454
192 86069922711 88359371123 584453
193 94676962240 97195308235 584453
194 104144696880 106914839058 584454
195 114559094187 117606322963 584453
196 126015070453 129366955259 584454
197 138616452712 142303650784 584453
198 152478134251 156534015862 584453
199 167726049310 172187417448 584454
200 184498508218 189406159192 584453
201 202948460235 208346775111 584453
202 223243388522 229181452622 584454
203 245567572142 252099597884 584453
204 270124472574 277309557672 584454
205 297136652271 305040513439 584453
206 326850395181 335544564782 584453
207 359535652505 369099021260 584453
208 395489409913 406008923386 584454
209 435038186977 446609815724 584454
210 478541560186 491270797296 584453
211 526395784899 540397877025 584453
212 579035538062 594437664727 584453
213 636939563022 653881431199 584454
214 700633143999 719269574318 584453
215 770696692657 791196531749 584454
216 847765720845 870316184923 584453
217 932542561942 957347803415 584453
218 1025797401419 1053082583756 584454
219 1128376256602 1158390842131 584453
220 1241214556989 1274229926344 584453
221 1365336502967 1401652918978 584454
222 1501869208213 1541818210875 584453
223 1652057028264 1696000031962 584454
224 1817261104402 1865600035158 584453
225 1998987689151 2052160038673 584453
226 2198887804085 2257376042540 584454
227 2418774678659 2483113646794 584453
228 2660653476575 2731425011473 584453
229 2926719908980 3004567512620 584454
230 3219389872519 3305024263882 584453
231 3541330741152 3635526690270 584454
232 3895460312084 3999079359297 584453
233 4285007366929 4398987295226 584453
234 4713510963078 4838886024748 584454
235 5184857958423 5322774627222 584453
236 5703346601289 5855052089944 584453
237 6273683575961 6440557298938 584454
238 6901047573462 7084613028831 584453
239 7591156357886 7793074331714 584454
240 8350264476814 8572381764885 584453
241 9185293109461 9429619941373 584453
242 10103828543100 10372581935510 584454
243 11114202601203 11409840129061 584453
244 12225628957470 12550824141967 584453
245 13448196808977 13805906556163 584454
246 14793007138928 15186497211779 584453
247 16272316480428 16705146932956 584453
248 17899554876855 18375661626251 584454
249 19689497809770 20213227788876 584453
250 21658460237926 22234550567763 584454
251 23824284719917 24458005624539 584453
252 26206719695997 26903806186992 584453
253 28827409497306 29594186805691 584454
254 31710125695949 32553605486260 584453
255 34881155718587 35808966034886 584453
256 38369285742401 39389862638374 584454
257 42206187847581 43328848902211 584453
258 46426831408886 47661733792432 584454
259 51069468720514 52427907171675 584453
260 56176429142004 57670697888842 584453
261 61794109616944 63437767677726 584454
262 67973466905280 69781544445498 584453
263 74770851002735 76759698890047 584453
264 82247966522423 84435668779051 584454
265 90472706076178 92879235656956 584453
266 99520029546434 102167159222651 584454
267 109471934012687 112383875144916 584453
268 120419156112019 123622262659407 584453
269 132461152041370 135984488925347 584454
270 145707151974625 149582937817881 584453
271 160277947134130 164541231599669 584453
272 176305806857122 180995354759635 584454
273 193936264988592 199094890235598 584453
274 213330004629037 219004379259157 584454
275 234662793820555 240904817185072 584453
276 258129134583833 264995298903579 584453
277 283942220082953 291494828793936 584454
278 312336194874502 320644311673329 584453
279 343569985659827 352708742840661 584453
280 377927123478002 387979617124727 584454
281 415719573024649 426777578837199 584453
282 457291772768955 469455336720918 584454
283 503020497087291 516400870393009 584453
284 553322678297129 568040957432309 584453
285 608655314842565 624845053175539 584453
286 669521171621205 687329558493092 584454
287 736473011268741 756062514342401 584454
288 810119558223961 831668765776641 584453
289 891131630333883 914835642354305 584453
290 980245089067356 1006319206589735 584453
291 1078270395587620 1106951127248708 584454
292 1186096799756735 1217646239973578 584453
293 1304706876306671 1339410863970935 584454
294 1435176478658591 1473351950368028 584453
295 1578694581937560 1620687145404830 584453
296 1736565027566586 1782755859945313 584454
297 1910220032181118 1961031445939844 584453
298 2101243177642324 2157134590533828 584453
299 2311368325400122 2372848049587210 584454
300 2542503558068883 2610132854545931 584453
301 2796755436179483 2871146140000524 584454
302 3076428225991780 3158260754000576 584453
303 3384071851545732 3474086829400633 584453
304 3722481315368431 3821495512340696 584454
305 4094726220534307 4203645063574765 584453
306 4504201094220580 4624009569932241 584453
307 4954623040005532 5086410526925465 584454
308 5450081911907226 5595051579618011 584453
309 5995093288075589 6154556737579812 584454
310 6594596686369894 6770012411337793 584453
311 7254058087918237 7447013652471572 584453
312 7979468737466049 8191715017718729 584454
313 8777408668728193 9010886519490601 584453
314 9655154355310527 9911975171439661 584453
315 10620673709120062 10903172688583627 584454
316 11682733698862804 11993489957441989 584453
317 12851013886165079 13192838953186187 584454
318 14136102549549390 14512122848504805 584453
319 15549716503418314 15963335133355285 584453
320 17104698518831706 17559668646690813 584454
321 18815153479684516 19315635511359894 584453
322 20696679147779323 21247199062495883 584453
323 22766355452137931 23371918968745471 584454
324 25042975167209755 25709110865620018 584453
325 27547287289554073 28280021952182019 584454
326 30301988733074955 31108024147400220 584453
327 33332195528798574 34218826562140242 584453
328 36665437293864256 37640709218354266 584453
329 40332000619659908 41404780140189692 584454
330 44365183964740173 45545258154208661 584454
331 48801656930432771 50099783969629527 584453
332 53681829629165761 55109762366592479 584453
333 59050030405556577 60620738603251726 584453
334 64955081494853791 66682812463576898 584454
335 71450551368836811 73351093709934587 584453
336 78595630395761381 80686203080928045 584454
337 86455128058425502 88754823389020849 584453
338 95100668298711080 97630305727922933 584453
339 104610794612050384 107393336300715226 584454
340 115071783825351017 118132669930786748 584453
341 126579031016944855 129945936923865422 584453
342 139236984117745653 142940530616251964 584454
343 153160586153387762 157234583677877160 584453
344 168476736472608476 172958042045664876 584454
345 185324244230618702 190253846250231363 584453
346 203856717023904093 209279230875254499 584453
347 224242525993577007 230207153962779948 584454
348 246666584236277986 253227869359057942 584453
349 271333378298557459 278550656294963736 584453
350 298466826751164938 306405721924460109 584454
351 328313302676531318 337046294116906119 584453
352 361144824807561050 370750923528596730 584454
353 397258950033898190 407826015881456403 584453
354 436984949428077599 448608617469602043 584453
355 480683735978438699 493469479216562247 584454
356 528751691360628659 542816427138218471 584453
357 581627150836391417 597098069852040318 584453
358 639790101957458670 656807876837244349 584454
359 703768667511131780 722488664520968783 584453
360 774145944943902848 794737530973065661 584454
361 851559772869498999 874211284070372227 584453
362 936715972979326675 961632412477409449 584453
363 1030388194669916164 1057795653725150393 584454
364 1133426117100274686 1163575219097665432 584453
365 1246769350495450139 1279932741007431975 584453
366 1371446790933938059 1407926015108175172 584454
367 1508590516418543206 1548718616618992689 584453
368 1659450447904165563 1703590478280891957 584453
369 1825396180894974499 1873949526108981152 584454
370 2007934518650000858 2061344478719879267 584453
371 2208729260274277451 2267478926591867193 584454
372 2429599989469772963 2494226819251053912 584453
373 2672560651703849900 2743649501176159303 584453
374 2939818535351961777 3018014451293775233 584454
375 3233797864772237762 3319815896423152756 584453
376 3557179431110660607 3651797486065468031 584454
377 3912893849447229031 4016977234672014834 584453
378 4304184302609917219 4418674958139216317 584453
379 4734605363127620355 4860542453953137948 584453
380 5208068465361071232 5346596699348451742 584454
381 5728873113203844937 5881256369283296916 584454
382 6301754490426015560 6469382006211626607 584453
383 6931930781169623097 7116320206832789267 584453
384 7625126159006767802 7827952227516068193 584453
385 8387644922365960847 8610747450267675012 584454
386 9226404435406435807 9471822195294442513 584453
387 10149047938565715761 10419004414823886764 584453
388 11163958526427935051 11460904856306275440 584454
389 12280347137146493128 12606995341936902984 584453
390 13508389216478965578 13867694876130593282 584454
391 14859214788991560454 15254464363743652610 584453
392 16345141038742487363 16779910800118017871 584453
393 17979666076697119374 18457901880129819658 584454
394 19777617289421321030 20303692068142801623 584453
395 21755390194611537828 22334061274957081785 584454
396 23930907770045298520 24567467402452789963 584453
397 26324005057025753374 27024214142698068959 584453
398 28956421820604557076 29726635556967875854 584454
399 31852039110691353287 32699299112664663439 584453
400 35037260281927951929 35969229023931129782 584453
401 38541000171861801201 39566151926324242760 584454
402 42395073097698144079 43522767118956667036 584453
403 46634605171458378406 47875043830852333739 584454
404 51298019199972079759 52662548213937567112 584453
405 56427834368658524356 57928803035331323823 584453
406 62070655299687422613 63721683338864456205 584454
407 68277666664157031545 70093851672750901825 584453
408 75105470600662985587 77103236840025992007 584453
409 82616048012548820053 84813560524028591207 584454
410 90877595257063026933 93294916576431450327 584453
411 99965407670676571590 102624408234074595359 584453
412 109961989796268552992 112886849057482054894 584454
413 120958111569609318532 124175533963230260383 584453
414 133054000332483881013 136593087359553286421 584454
415 146359267951761931936 150252396095508615063 584453
416 160995234635343279219 165277635705059476569 584453
417 177094867579155872728 181805399275565424225 584454
418 194804202221751674211 199985939203121966647 584453
419 214284729608804941581 219984533123434163311 584453
420 235713291300785140779 241982986435777579642 584454
421 259284457775874723955 266181285079355337606 584453
422 285213055718854752556 292799413587290871366 584454
423 313734079708635697808 322079354946019958502 584453
424 345107570879622904757 354287290440621954352 584453
425 379618558679076570744 389716019484684149787 584454
426 417580084784585617239 428687621433152564765 584453
427 459338323034667095868 471556383576467821241 584453
428 505272342185658311014 518712021934114603365 584454
429 555799225606991301268 570583224127526063701 584453
430 611379472894336588880 627641546540278670071 584454
431 672516815120305019796 690405701194306537078 584453
432 739768672912637869531 759446271313737190785 584453
433 813746033602422689631 835390898445110909863 584454
434 895119928804211395234 918929988289622000849 584453
435 984632412898155627348 1010822987118584200933 584453
436 1083096053545510770539 1111905285830442621026 584454
437 1191404906001508558492 1223095814413486883128 584453
438 1310546091649739064031 1345405395854835571440 584454
439 1441599402903815783971 1479945935440319128584 584453
440 1585759720265657254928 1627940528984351041442 584453
441 1744336749176950424432 1790734581882786145586 584454
442 1918768905363736571785 1969808040071064760144 584453
443 2110646848222643349180 2166788844078171236158 584453
444 2321712388502465783017 2383467728485988359773 584454
445 2553882012884324724721 2621814501334587195750 584453
446 2809271703554420409659 2883995951468045915325 584454
447 3090196091252192796247 3172395546614850506857 584453
448 3399216508219992624767 3489635101276335557542 584453
449 3739140424160956495207 3838598611403969113296 584453
450 4113056464946917852721 4222458472544366024625 584454
451 4524360406587183456055 4644704319798802627087 584454
452 4976791814153645921229 5109174751778682889795 584453
453 5474471709952115896496 5620092226956551178774 584453
454 6021920697512421217995 6182101449652206296651 584453
455 6624117667224189858174 6800311594617426926316 584454
456 7286525530566688244157 7480342754079169618947 584453
457 8015180519887582105527 8228377029487086580841 584454
458 8816691904701841424889 9051214732435795238925 584453
459 9698363892900223287587 9956336205679374762817 584453
460 10668206348280056753776 10951969826247312239098 584454
461 11735017779598497928390 12047166808872043463007 584453
462 12908526574676385184111 13251883489759247809307 584453
463 14199384331025724022972 14577071838735172590237 584454
464 15619312935668592590656 16034779022608689849260 584453
465 17181253581172944396114 17638256924869558834186 584454
466 18899362021887888380033 19402082617356514717604 584453
467 20789303156851966100461 21342290879092166189364 584453
468 22868247471033841782251 23476519967001382808300 584454
469 25155052397633792706175 25824171963701521089130 584453
470 27670571469808677459874 28406589160071673198043 584453
471 30437639898081300204811 31247248076078840517847 584454
472 33481382803542037069319 34371972883686724569631 584453
473 36829540650107006716809 37809170172055397026594 584454
474 40512458282309627859878 41590087189260936729253 584453
475 44563714756300733645695 45749095908187030402178 584453
476 49020115970052833123185 50324005499005733442395 584454
477 53922084917427045553046 55356406048906306786634 584453
478 59314323017997471355392 60892046653796937465297 584453
479 65245779390881158395774 66981251319176631211826 584454
480 71770311985374452617603 73679376451094294333008 584453
481 78947385065211313679863 81047314096203723766308 584454
482 86842045397059221418485 89152045505824096142938 584453
483 95526272660231546144749 98067250056406505757231 584453
484 105078963601798032676692 107873975062047156332954 584454
485 115586768482198720775000 118661372568251871966249 584453
486 127145508729850962283986 130527509825077059162873 584453
487 139860111142384519897220 143580260807584765079160 584454
488 153846025007617743486712 157938286888343241587076 584453
489 169230717234822717786386 173732115577177565745783 584454
490 186153621336222594574203 191105327134895322320361 584453
491 204769032139470432056844 210215859848384854552397 584453
492 225246071809108905127949 231237445833223340007636 584453
493 247770799376261446036275 254361190416545674008399 584454
494 272547776617366693453646 279797309458200241409238 584454
495 299802275185062400593815 307777040404020265550161 584453
496 329782545741486659027385 338554744444422292105177 584453
497 362760909748807004412841 372410218888864521315694 584453
498 399037295900592351466845 409651240777750973447263 584454
499 438940790353498122994943 450616364855526070791989 584453
500 482835016152074016456326 495678001341078677871187 584454
501 531118116138562170406911 545245801475186545658305 584453
502 584230096289901606290048 599770381622705200224135 584453
503 642653471342531449164822 659747419784975720246548 584454
504 706918264058578835597621 725722161763473292271202 584453
505 777610513177796434288475 798294377939820621498322 584453
506 855371871654118855787638 878123815733802683648154 584454
507 940908466753900117305161 965936197307182952012969 584453
508 1034999876791974442254010 1062529817037901247214265 584454
509 1138498845366946852882066 1168782798741691371935691 584453
510 1252349027055500183286048 1285661078615860509129260 584453
511 1377584773032492014190277 1414227186477446560042186 584454
512 1515342056348250855341521 1555649905125191216046404 584453
513 1666877095249381484092006 1711214895637710337651044 584453
514 1833565484360930879405637 1882336385201481371416148 584454
515 2016920762675282665009932 2070570023721629508557762 584453
516 2218614017613381728019797 2277627026093792459413538 584454
517 2440473224660557255460637 2505389728703171705354891 584453
518 2684521188428531731270946 2755928701573488875890380 584453
519 2952975098698427594160643 3031521571730837763479418 584454
520 3248270039352132096422229 3334673728903921539827359 584453
521 3573098826925608411300091 3668141101794313693810094 584453
522 3930410159662336361295978 4034955211973745063191103 584454
523 4323448444067523929653886 4438450733171119569510213 584453
524 4755795811406962572842834 4882295806488231526461234 584454
525 5231370683300411462841725 5370525387137054679107357 584453
526 5754509120493928232012534 5907577925850760147018092 584453
527 6329963868362653812662078 6498335718435836161719901 584454
528 6962954744451120032662622 7148169290279419777891891 584453
529 7659254038082578119574449 7862986219307361755681080 584453
530 8425182546636954559575947 8649284841238097931249188 584454
531 9267694943014221684841972 9514213325361907724374106 584453
532 10194469842442847661937737 10465634657898098496811516 584453
533 11213921054495292977128605 11512198123687908346492667 584454
534 12335305294490828016867014 12663417936056699181141933 584453
535 13568843747293129943787952 13929759729662369099256126 584454
536 14925714626267320912272615 15322735702628606009181738 584453
537 16418290163652864100118243 16855009272891466610099911 584453
538 18060130351437200312567404 18540510200180613271109902 584454
539 19866127880234548115191353 20394561220198674598220892 584453
540 21852751602444884237117620 22434017342218542058042981 584453
541 24038035816720975882818573 24677419076440396263847279 584454
542 26441822815750606760885787 27145160984084435890232006 584453
543 29086020619627276135469436 29859677082492879479255206 584454
544 31994593969944827639225951 32845644790742167427180726 584453
545 35194061855550420557307690 36130209269816384169898798 584453
546 38713491572596994114657322 39743230196798022586888677 584454
547 42584807103949629111359995 43717553216477824845577544 584453
548 46843311249473118289124406 48089308538125607330135298 584453
549 51527661431930475983210228 52898239391938168063148827 584454
550 56680391803403025148138505 58188063331131984869463709 584453
551 62348464101744806241962171 64006869664245183356410079 584454
552 68583248809770483348021591 70407556630669701692051086 584453
553 75441591669846112067633861 77448312293736671861256194 584453
554 82985801155481731885719159 85193143523110339047381813 584454
555 91284309054790877580106732 93712457875421372952119994 584453
556 100412790055822710264210215 103083703662963510247331993 584453
557 110454109789363943258382599 113392074029259861272065192 584454
558 121499443989098800897968762 124731281432185847399271711 584453
559 133649459270266480378090834 137204409575404432139198882 584454
560 147014272837544641377213663 150924850532944875353118770 584453
561 161715738576123102107585720 166017335586239362888430647 584453
562 177887420215818253819820820 182619069144863299177273711 584454
563 195676007358185290929761560 200880976059349629095001082 584453
564 215243715410687661597768303 220969073665284592004501190 584453
565 236768174192090102104777945 243065981031813051204951309 584454
566 260444826968583439763031267 267372579134994356325446439 584453
567 286489461553225023651941486 294109837048493791957991082 584454
568 315138123933809962342918435 323520820753343171153790190 584453
569 346652018711536199385646596 355872902828677488269169209 584453
570 381317451580002236902842526 391460193111545237096086129 584453
571 419449400532207675861254157 430606212422699760805694741 584454
572 461394166724871000788772661 473666833664969736886264215 584454
573 507533110915141801993944403 521033517031466710574890636 584453
574 558286494859817971896936823 573136868734613381632379699 584453
575 614115329599425214057574452 630450555608074719795617668 584453
576 675527362257558826931162672 693495611168882191775179434 584454
577 743079700417031019489351692 762845172285770410952697377 584453
578 817387918909186407413603164 839129689514347452047967114 584454
579 899126030882071092884781458 923042658465782197252763825 584453
580 989038919282776360773173060 1015346924312360416978040207 584453
581 1087943429830973400482538701 1116881616743596458675844227 584454
582 1196736834240591737167144269 1228569778417956104543428649 584453
583 1316411233270373489449980865 1351426756259751714997771513 584453
584 1448052876581422814402112667 1486569431885726886497548664 584454
585 1592857161933642041421001557 1635226375074299575147303530 584453
586 1752143831837520973828564292 1798749012581729532662033883 584454
587 1927356489785123513826444837 1978623913839902485928237271 584453
588 2120092641808072017675101430 2176486305223892734521060998 584453
589 2332103333555357462231517981 2394134935746282007973167097 584454
590 2565311645616534757538227748 2633548429320910208770483806 584453
591 2821844220807286985578899588 2896903272253001229647532186 584453
592 3104029793353975177714586561 3186593599478301352612285404 584454
593 3414430622508213983664373123 3505252959426131487873513944 584453
594 3755875680120824926098817260 3855778255368744636660865338 584454
595 4131459532716079994291413252 4241356080905619100326951871 584453
596 4544606571642123274677802979 4665491688996181010359647058 584453
597 4999070261499376708398978996 5132040857895799111395611763 584454
598 5498972938241010365225674321 5645244943685379022535172939 584453
599 6048873251572713085789877899 6209769438053916924788690232 584453
600 6653763031498602758092164122 6830746381859308617267559255 584454
601 7319134710407807382673283269 7513821020045239478994315180 584453
602 8051052452502550066164368007 8265203122049763426893746698 584454
603 8856149725501527524687676548 9091723434254739769583121367 584453
604 9741767015390280621722142001 10000895777680213746541433503 584453
605 10715950210559738138975767114 11000985355448235121195576853 584454
606 11787535902510043467561850037 12101083890993058633315134538 584453
607 12966295958233682933086675300 13311192280092364496646647991 584453
608 14262930810059005097092091989 14642311508101600946311312790 584454
609 15689213973613688619835883252 16106542658911761040942444069 584453
610 17258144521275625248597040390 17717196924802937145036688475 584454
611 18983941879307230379674379858 19488916617283230859540357322 584453
612 20882341030565232617336473493 21437808279011553945494393054 584453
613 22970589049369942640599763786 23581589106912709340043832359 584453
614 25267660231293015731426512914 25939748017603980274048215594 584454
615 27794415781433572568823959146 28533722819364378301453037153 584454
616 30573828897573280364787799584 31387095101300816131598340868 584453
617 33631216176336478160669364689 34525804611430897744758174954 584453
618 36994348953962384993070230793 37978385072573987519233992449 584453
619 40693813951492354755292788695 41776223579831386271157391693 584454
620 44763171367360279238714561048 45953845937814524898273130862 584453
621 49239503471006624224545917830 50549230531595977388100443948 584454
622 54163412860020052703959720077 55604153584755575126910488342 584453
623 59579771333470598996929374496 61164568943231132639601537176 584453
624 65537785732711755779436312354 67281025837554245903561690893 584454
625 72091507766427492723491626437 74009128421309670493917859982 584453
626 79300701651368625044134430647 81410041263440637543309645980 584453
627 87230803140526385408855143255 89551045389784701297640610578 584454
628 95953823075740090862982469284 98506149928763171427404671635 584453
629 105549262835027261145268729082 108356764921639488570145138798 584454
630 116104085190305345474650701161 119192441413803437427159652677 584453
631 127714524012875366224894979745 131111685555183781169875617944 584453
632 140486062410964499785884687026 144222854110702159286863179738 584454
633 154534546889245065651919700005 158645139521772375215549497711 584453
634 169988086554647609622103690602 174509653473949612737104447482 584453
635 186986964514338836099298989215 191960618821344574010814892230 584454
636 205685531438787733321583822991 211156680703479031411896381453 584453
637 226254204783463304179758624377 232272348773826934553086019598 584454
638 248879401444911495235599127244 255499583651209628008394621557 584453
639 273767406989357078566728469280 281049542016330590809234083712 584453
640 301144330377980022851359741026 309154496217963649890157492083 584454
641 331258501407177313639328667206 340069945839760014879173241291 584453
642 364384533443282724213441392576 374076940423736016367090565420 584453
643 400823134663080694970227725615 411484634466109618003799621962 584454
644 440905169564858212691559875419 452633097912720579804179584158 584453
645 484995943809959413315881745148 497896407703992637784597542573 584454
646 533495057942033000415817942699 547686048474391901563057296830 584453
647 586844703332901010122405675340 602454653321831091719363026513 584453
648 645529564842955495868164028605 662700118654014200891299329164 584454
649 710081959341321469319903957609 728970130519415620980429262080 584453
650 781090544755986415162103512471 801867143571357183078472188288 584453
651 859199915853520440642893129532 882053857928492901386319407116 584454
652 945119310010961766063588738953 970259243721342191524951347827 584453
653 1039631792226801717000804717160 1067285168093476410677446482609 584453
654 1143595402601257614264778202839 1174013684902824051745191130869 584454
655 1257954140742571990627533029842 1291415053393106456919710243955 584453
656 1383750362840202151821386228574 1420556558732417102611681268350 584454
657 1522124022827435794924273101375 1562612214605658812872849395185 584453
658 1674336840653986080361108187799 1718873436066224694160134334703 584453
659 1841771663980433861761499568904 1890760779672847163576147768173 584454
660 2025947249041642768459901397313 2079836857640131879933762544990 584453
661 2228543089013925314395008253273 2287820543404145067927138799489 584453
662 2451398321245245543586005169170 2516602597744559574719852679437 584454
663 2696536462272285484901685497964 2768262857519015532191837947380 584453
664 2966191691463463149608111095927 3045089143270917085411021742118 584454
665 3262807932596916833040750465052 3349598057598008793952123916329 584453
666 3589089591524967770036750291504 3684557863357809673347336307961 584453
667 3948000950418411625584407760240 4053013649693590640682069938757 584454
668 4342797616291049591006854748997 4458315014662949704750276932632 584453
669 4777079767834004645137428768921 4904146516129244675225304625895 584453
670 5254789688101826622003204536478 5394561167742169142747835088484 584454
671 5780265008912803088198784436191 5934017284516386057022618597332 584453
672 6358294887177087023102673455197 6527419012968024662724880457065 584454
673 6994118083511127299806754769714 7180160914264827128997368502771 584453
674 7693531725370285924436415482350 7898177005691309841897105353048 584453
675 8462890029402148384914461311848 8687994706260440826086815888352 584454
676 9309171667732023659051164730059 9556794176886484908695497477187 584453
677 10240093943248504265024159051790 10512473594575133399565047224905 584453
678 11264107491009641597551057185405 11563720954032646739521551947395 584454
679 12390510410169457959514865228051 12720093049435911413473707142134 584453
680 13629568679757369384513855770173 13992102354379502554821077856347 584454
681 14992512049689101584980535229289 15391312589817452810303185641981 584453
682 16491767176280048909142321220659 16930443848799198091333504206179 584453
683 18140954885522300176374000259244 18623488233679117900466854626796 584454
684 19955034579495887306329918566246 20485837057047029690513540089475 584453
685 21950548981598343462527633240546 22534420762751732659564894098422 584453
686 24145612776525332361758652532001 24787862839026905925521383508264 584454
687 26560157263917634593453403032569 27266649122929596518073521859090 584453
688 29216188479821922740232789373123 29993314035222556169880874044999 584454
689 32137778388463123122315281757744 32992645438744811786868961449498 584453
690 35351564628863004953956947333209 36291909982619292965555857594447 584453
691 38886744648849735373789064946666 39921100980881222262111443353891 584453
692 42775439896662912916395921305442 43913211078969344488322587689280 584454
693 47052966156033688580787402228664 48304532186866278937154846458208 584454
694 51758214587911869392829885394297 53134985405552906830870331104028 584453
695 56934043476266784444143456618271 58448483946108197513957364214430 584453
696 62627466716053782597481288261175 64293332340719017265353100635873 584453
697 68890264346868811373808610786892 70722665574790918991888410699460 584454
698 75779250186765543161907640032541 77794932132270010891077251769406 584453
699 83357200542413316349628704182290 85574425345497011980184976946346 584454
700 91692851258629705742127629296494 94131867880046713178203474640980 584453
701 100862165480654457128866003168157 103545054668051384496023822105078 584453
702 110948445115564580061989043841665 113899560134856522945626204315585 584454
703 122043193911419957629033519279021 125289516148342175240188824747143 584453
704 134247586280016533201405968323757 137818467763176392764207707221857 584453
705 147672397935975368683354439379571 151600314539494032040628477944042 584454
706 162439535514438695599410667897824 166760345993443435244691325738446 584453
707 178683586325258189041964142631280 183436380592787778769160458312290 584454
708 196551769018242482065588042427785 201780018652066556646076504143519 584453
709 216206997220526372574650065324874 221958020517273212310684154557870 584453
710 237827842525774530161075683622475 244153822569000533541752570013657 584454
711 261610420646801351143376030357201 268569204825900586895927827015022 584453
712 287771606567403448718492410207582 295426125308490645585520609716524 584453
713 316548884548634998091228982980351 324968737839339710144072670688176 584454
714 348203553728075038683384518401792 357465611623273681158479937756993 584453
715 383024112587830413838987265116356 393212172785601049274327931532692 584454
716 421326144948493703732780341000090 432533390064161154201760724685961 584453
717 463458870158356579865573299746373 475786729070577269621936797154557 584453
718 509805066448156487819910033303727 523365401977634996584130476870012 584454
719 560785129540416671423217332750221 575701942175398496242543524557013 584453
720 616863950423771789652033400912958 633272136392938345866797877012714 584453
721 678550595803394323599991856809560 696599350032232180453477664713985 584454
722 746405183803781603124065329389313 766259285035455398498825431185383 584453
723 821046137746141286791847515349364 842885213539000938348707974303921 584454
724 903149938510759618212963288218204 927173734892901032183578771734313 584453
725 993465168683970963905294544656396 1019891108382191135401936648907744 584453
726 1092812347772644913376317123980171 1121880219220410248942130313798518 584454
727 1202092631167935069840809342484161 1234068241142451273836343345178369 584453
728 1322302553633474232751944863184680 1357475065256696401219977679696205 584453
729 1454533345003775985373683512197892 1493222571782366041341975447665825 584454
730 1599985668122714196830193142428414 1642544828960602645476172992432407 584453
731 1759985168082420030008844276545895 1806799311856662910023790291675647 584454
732 1935981941635162596099691604946485 1987479243042329201026169320843211 584453
733 2129580641958676818495560454129647 2186227167346562121128786252927532 584453
734 2342540125282213832195597746385076 2404849884081218333241664878220285 584453
735 2576795389817183730716530346991516 2645334872489340166565831366042313 584454
736 2834473860763758841085857114070225 2909868359738274183222414502646544 584454
737 3117918344285679047455380687938707 3200855195712101601544655952911198 584453
738 3429710626304961230926441113799407 3520940715283311761699121548202317 584453
739 3772682827031202674129849369394003 3873034786811642937869033703022548 584453
740 4149954179549205378297087234370580 4260338265492807231655937073324802 584454
741 4564947152097587768614787200137858 4686372092042087954821530780657282 584453
742 5021443393632504940996589337085095 5155009301246296750303683858723010 584454
743 5523583556090992822904405412865578 5670510231370926425334052244595311 584453
744 6075943664475685801734041850579964 6237561254508019067867457469054842 584453
745 6683541831298248633960997463011092 6861317379958820974654203215960326 584454
746 7351890248525553716265437171200117 7547449117954703072119623537556358 584453
747 8087083669561353578910088739745714 8302194029750173379331585891311993 584453
748 8895795230940395580940381124060878 9132413432725190717264744480443192 584454
749 9785368596601875846994828687875870 10045654775997709788991218928487511 584453
750 10763911315186406079203451310617440 11050220253597480767890340821336262 584454
751 11840291848107167918178570219463766 12155242278957228844679374903469888 584453
752 13024324123272121248439599078126892 13370766506852951729147312393816876 584453
753 14326765305551116228742091599839049 14707843157538246902062043633198563 584454
754 15759429418737158088565877968632677 16178627473292071592268247996518419 584453
755 17335381026510084403040552043842456 17796490220621278751495072796170260 584453
756 19068926196804460550861583057568465 19576139242683406626644580075787286 584454
757 20975805607326056334214204112922904 21533753166951747289309038083366014 584453
758 23073398426133062407175579767596018 23687128483646922018239941891702615 584454
759 25380715443904416149560137240858242 26055841332011614220063936080872876 584453
760 27918793657780656476535610381500517 28661425465212775642070329688960163 584453
761 30710691654248684266401381886760298 31527568011734053206277362657856179 584454
762 33781734100042679641354846969702603 34680324812907458526905098923641796 584453
763 37159926059734259781807205512651402 38148357294198204379595608816005975 584453
764 40875933746044570843324492888869427 41963193023618024817555169697606572 584454
765 44963498712644823271164640489669209 46159512325979827299310686667367229 584453
766 49459874822196186664293844924727701 50775463558577810029241755334103951 584454
767 54405813328642118360882822646616189 55853009914435591032165930867514346 584453
768 59846408897570879309062710963798382 61438310905879150135382523954265780 584453
769 65831089679525101576803455942579548 67582141996467065148920776349692358 584454
770 72414141336165871027064910902462751 74340356196113771663812853984661593 584453
771 79655595188997935660936366914206272 81774391815725148830194139383127752 584453
772 87621186996995174109201265377053966 89951830997297663713213553321440527 584454
773 96383244771010556296375371621505939 98947014097027430084534908653584579 584453
774 106021625460978080578532431726447750 108841715506730173092988399518943036 584453
775 116623831975923729371854262696191098 119725887057403190402287239470837339 584454
776 128286133373458782284573509961098146 131698475763143509442515963417921072 584453
777 141114829113009029825262098586269892 144868323339457860386767559759713179 584454
778 155226171669596350462873975497022140 159355155673403646425444315735684496 584453
779 170748831213703516599187775490299883 175290671240744011067988747309252945 584453
780 187823830516888584626614873803983133 192819738364818412174787622040178239 584454
781 206606052303884648607314715888145609 212101712201300253392266384244196062 584453
782 227266771248893311243130377237673755 233311883421430278731493022668615668 584453
783 249993542534946722974038200859401438 256643071763573306604642324935477234 584454
784 274992724330360108995819762198297877 282307378939930637265106557429024957 584453
785 302492158194022026358159449271249349 310538116833923700991617213171927452 584454
786 332741075414739032406401570859653095 341591928517316071090778934489120197 584453
787 366015271237051636847608692908210668 375751121369047678199856827938032216 584453
788 402617043086281545768365688864915019 413326233505952446019842510731835437 584454
789 442878397688315863925341458105949718 454658856856547690621826761805018980 584453
790 487166481180505078748785101014302988 500124742542202459684009437985520878 584453
791 535883327495050699074912088456939417 550137216796422705652410381784072965 584454
792 589471288221683427961557606440540980 605150938476064976217651419962480261 584453
793 648418761468270406030839252363691479 665666032323671473839416561958728287 584454
794 713259995917960500039957596371360977 732232635556038621223358218154601115 584453
795 784586182490863490956595088879608767 805455899111642483345694039970061226 584453
796 863045324049671030853563628602420065 886001489022806731680263443967067348 584454
797 949349105411850749652362198085654245 974601637925087404848289788363774082 584453
798 1044284536942553913245355435828723496 1072061801717596145333118767200151490 584453
799 1148713414204143123003395236217957879 1179267981889355759866430643920166639 584454
800 1263583957127345287507366283961108399 1297194780078291335853073708312183302 584453
801 1389943090009575080050714396165654545 1426914258086120469438381079143401632 584454
802 1528936022480325810835721526804881033 1569605683894732516382219187057741795 584453
803 1681830024655280531668315466648406254 1726566252284205768020441105763515974 584453
804 1850014148045368177981140617226619070 1899222877512626344822485216339867571 584454
805 2035013952119150404845459195267424684 2089145165263888979304733737973854328 584453
806 2238516463415514741155936745689707524 2298059681790277877235207111771239760 584453
807 2462369017049169175289650734431378920 2527865649969305664958727822948363736 584454
808 2708604206483746811421812532910644543 2780652214966236231454600605243200109 584453
809 2979466206752240600348620043661716830 3058717436462859854600060665767520119 584454
810 3277409876194158147040083776024949490 3364589180109145840060066732344272130 584453
811 3605151720603807290438674951552822522 3701048098120060424066073405578699343 584453
812 3965669295016729950247810535090207667 4071152907932066466472680746136569277 584453
813 4362238343960927214236967809858553831 4478268198725273113119948820750226204 584454
814 4798460370221904671502616218051818972 4926095018597800424431943702825248824 584454
815 5278301493468945708382424698116095822 5418704520457580466875138073107773706 584453
816 5806132400482572683765655845173017804 5960574972503338513562651880418551076 584453
817 6386747567152890320963845386373904973 6556632469753672364918917068460406183 584453
818 7025427520687168297446992595702926399 7212295716729039601410808775306446801 584454
819 7727966132900150566906517163961767528 7933525288401943561551889652837091481 584453
820 8500765330053888306631413764805665365 8726877817242137917707078618120800629 584454
821 9350834791969141576442606268097049848 9599565598966351709477786479932880691 584453
822 10285921238391942574183297577198368450 10559522158862986880425565127926168760 584453
823 11314519795826057545600093482471970832 11615474374749285568468121640718785636 584454
824 12445962014323742119311670717929668016 12777021812224214125314933804790664199 584453
825 13690565657995199828014586477885165069 14054723993446635537846427185269730618 584453
826 15059627631584532861709921423288920481 15460196392791299091631069903796703679 584454
827 16565579970846028899953215227093081891 17006216032070429000794176894176374046 584453
828 18222147886439446220595383396810039398 18706837635277471900873594583594011450 584454
829 20044344732773127822376652132213032590 20577521398805219090960954041953412595 584453
830 22048784437670095600387312200459827565 22635273538685741000057049446148753854 584453
831 24253677728007924054189943218241939709 24898800892554315100062754390763629239 584454
832 26679024479518082407449204982332331210 27388680981809746610069029829839992162 584453
833 29346941597893393164968171280386716052 30127549079990721271075932812823991378 584453
834 32281647722431556909281805590180125530 33140303987989793398183526094106390515 584454
835 35509790132972240039813895625407956450 36454334386788772738001878703517029566 584453
836 39060789897863571412812796708870452921 40099767825467650011802066573868732522 584454
837 42966830247628682072549400119511365359 44109744608014415012982273231255605774 584453
838 47263524563105996086220797006593118125 48520719068815856514280500554381166351 584453
839 51989908559168118981020704186700754608 53372790975697442165708550609819282986 584454
840 57188854181605867043558675109226062700 58710070073267186382279405670801211284 584453
841 62907771002390520524282378829545582539 64581077080593905020507346237881332412 584453
842 69198573632015903779679207267220957475 71039184788653295522558080861669465653 584454
843 76118382903505182279201360562112051625 78143103267518625074813888947836412218 584453
844 83730265612456223678140231113963525100 85957413594270487582295277842620053439 584454
845 92103209262961798531170125079298618651 94553154953697536340524805626882058782 584453
846 101313554289383727849036462048717696287 104008470449067289974577286189570264660 584453
847 111444977251530194241243655020659295879 114409317493974018972035014808527291126 584454
848 122589377954772083755400037420030668529 125850249243371420869238516289380020238 584453
849 134848382990618702504036037259253731733 138435274167708562956162367918318022261 584453
850 148333275951657035271211797750897255068 152278801584479419251778604710149824487 584454
851 163166500406167588951286333120006258437 167506681742927361176956465181164806935 584453
852 179483245609137529978860694020321176218 184257349917220097294652111699281287628 584454
853 197431392392896884672046459087835154549 202683084908942107024117322869209416390 584453
854 217174583250371134806466887437913777658 222951393399836317726529055156130358029 584453
855 238892186298014236454957000844458221205 245246532739819949499181960671743393831 584453
856 262781532607434115581756433493246060704 269771186013801944449100156738917733214 584454
857 289059576949979002620918122105508084168 296748304615182138894010172412809506535 584454
858 317965238642542501738327463706050805026 326423135076700352783411189654090457188 584453
859 349761808152087155572941031697256021290 359065448584370388061752308619499502906 584453
860 384738105030272928240275984832403878668 394971993442807426867927539481449453196 584453
861 423212228592948967592393596571302651824 434469192787088169554720293429594398515 584454
862 465533202069743227297099969709325929168 477916112065796986510192322772553838366 584453
863 512086677931320925002445533389203456095 525707723272376685161211555049809222202 584454
864 563294919763804604360705501319909703125 578278495599614353677332710554790144422 584453
865 619624590488198449421719250712123591399 636106345159575789045065981610269158864 584453
866 681587437099169879622632488160600521765 699716979675533367949572579771296074750 584454
867 749745592802484946181022855782209998339 769688677643086704744529837748425682225 584453
868 824720600405396224060568464162953815309 846657545407395375218982821523268250447 584453
869 907192986213107939939243596686464439782 931323299948134912740881103675595075491 584454
870 997911656899592689217874450826939277068 1024455629942948404014969214043154583040 584453
871 1097703420082517164487438266000846290126 1126901192937243244416466135447470041344 584454
872 1207472681246009115047422053162114829994 1239591312230967568858112748992217045478 584453
873 1328220264524861616184351011457411195191 1363550443454064325743924023891438750025 584453
874 1461043185336822146297404996013624672158 1499905487799470758318316426280582625027 584454
875 1607146237547501766612773922547693984070 1649896036579417834150148068908640887529 584453
876 1767861745050447456687782648361760831452 1814885640237359617565162875799504976281 584453
877 1944648640313594855091687279856412468285 1996374204261095579321679163379455473909 584454
878 2139112157275248749531501817045381523840 2196011624687205137253847079717401021299 584453
879 2353024623080909627355639018525253076030 2415612787155925650979231787689141123428 584454
880 2588324757712160782679076970094657462789 2657174065871518216077154966458055235770 584453
881 2847157913637380091061629234890706270585 2922891472458670037684870463103860759347 584453
882 3131875604958437619049854160081274530715 3215180619704537041453357509414246835281 584454
883 3445060440586960028138710404103891206899 3536698681674990745598693260355671518809 584453
884 3789568376342327231610324417855003485064 3890368549842489820158562586391238670689 584453
885 4168526751868957061151611508349109935198 4279405404826738802174418845030362537757 584454
886 4585376530008259187206493493170662121024 4707345945309412682391860729533398791532 584453
887 5043916858788957596786923813878100255443 5178080539840353950631046802486738670685 584454
888 5548303550119616831615441839254559923649 5695888593824389345694151482735412537753 584453
889 6103135356925102865752880391442928819862 6265477453206828280263566631008953791528 584453
890 6713452960822928741106356388043019202661 6892025198527511108289923294109849170680 584454
891 7384792412299012492024885386012920555592 7581227718380262219118915623520834087748 584453
892 8123275704093564080448428759189243882159 8339350490218288441030807185872917496522 584453
893 8935606567344310459664731731730733321168 9173285539240117285133887904460209246174 584454
894 9829161010878921497258630048929213933992 10090614093164129013647276694906230170791 584453
895 10812082844553600034227297470342410094753 11099675502480541915012004364396853187870 584453
896 11893295612951017769783039999195211837262 12209643052728596106513204800836538506657 584454
897 13082616832278218301394546398929401673137 13430607358001455717164525280920192357322 584453
898 14390886918880883151237510448689164445842 14773668093801601288880977809012211593054 584454
899 15829961297398616335928098680123450381882 16251034903181761417769075589913432752359 584453
900 17412961748758975956069400502992085025220 17876138393499937559545983148904776027594 584453
901 19154269771853576879162626327201331241605 19663752232849931315500581463795253630353 584454
902 21069680303269396378188655745320849929427 21630127456134924447050639610174778993388 584453
903 23176659930210600978531037634067678670289 23793140201748416891755703571192256892726 584453
904 25494335525784935963056015606292305891104 26172454221923258580931273928311482581998 584454
905 28043751491092399025501515398505965592661 28789699644115584439024401321142630840197 584453
906 30848143102893031932790576510292742250183 31668669608527142882926841453256893924216 584454
907 33932926962095515970053461053504481008761 34835536569379857171219525598582583316637 584453
908 37326228661182900027416066547686061432161 38319090226317842888341478158440841648300 584453
909 41058876484404386832377171964030370218858 42150999248949627177175625974284925813130 584454
910 45164728469774698019122671283773421868550 46366099173844589894893188571713418394443 584453
911 49681226171654385871310105332619521398700 51002709091229048884382507428884760233887 584453
912 54649369000893685226586935907764045553259 56102980000351953772820758171773236257275 584454
913 60114267962099374774209165232456006684650 61713278000387149150102833988950559883002 584453
914 66125729882703338283659754752757817444029 67884605800425864065113117387845615871302 584454
915 72738237430714898367463388454006617268637 74673066380468450471624429126630177458432 584453
916 80012080242115229809891712850782597153718 82140373018515295518786872039293195204275 584453
917 88013341633439681630832918386548122777271 90354410320366825070665559243222514724702 584454
918 96814599205458043376929369208685289091325 99389851352403507577732115167544766197172 584453
919 106496112256502519342267707476295509954344 109328836487643858335505326684299242816889 584453
920 117145766677539406592321526090666802278236 120261720136408244169055859352729167098577 584454
921 128860261914566631364247759985325131185728 132287892150049068585961445288002083808434 584453
922 141746363282550900214667266457986039278672 145516681365053975444557589816802292189277 584454
923 155920859232288220918967979517281451566105 160068349501559372989013348798482521408204 584453
924 171512985940055057227546285981579386648304 176075184451715310287914683678330773549024 584453
925 188664398845920507754877408018236420505704 193682702896886841316706152046163850903926 584454
926 207530674468228489726498885889548463428121 213050973186575525448376767250780235994318 584453
927 228283855733316950424362466088812262117820 234356070505233077993214443975858259593749 584453
928 251112333832275740511649168743698831209538 257791677555756385792535888373444085553123 584454
929 276223392598214812451852345998478915799285 283570845311332024371789477210788494108435 584453
930 303845892947658495377191537472422543209036 311927929842465226808968424931867343519278 584454
931 334230181275721892570271958283925373279102 343120722826711749489865267425054077871205 584453
932 367653286778741712214860896685382106723251 377432795109382924438851794167559485658325 584453
933 404418860448471009628622447915247940180042 415176074620321216882736973584315434224157 584453
934 444860962634016359931867976611664990509995 456693682082353338571010670942746977646572 584454
935 489346874503841917637699217957689011444919 502363050290588672428111738037021675411229 584454
936 538281060847553162730095525617757288171884 552599355319647539670922911840723842952351 584453
937 592109244199143841145937835905903936770666 607859290851612293638015203024796227247586 584453
938 651320365095930149084707431958401995479853 668645219936773523001816723327275849972344 584453
939 716452931577000136834848359088076129636899 735509741930450875301998395660003434969578 584454
940 788097802552310737516278456523477813325863 809060716123495962832198235226003778466535 584453
941 866907846309902836358991644790126675389060 889966787735845559115418058748604156313188 584454
942 953597909831289163500578475383267604025916 978963466509430115026959864623464571944506 584453
943 1048958003412043493800628044478667080975932 1076859813160373126529655851085811029138956 584453
944 1153854459851104941789305627121632356181617 1184545794476410439182621436194392132052851 584454
945 1269238910401007178629520074960381570986714 1303000373924051483100883579813831345258136 584453
946 1396163560400472741901339577064448206948022 1433300411316456631410971937795214479783949 584453
947 1535780467926796616890644001579760256419507 1576630452448102294552069131574735927762343 584454
948 1689357451690712337055221934577480709610044 1734293497692912524007276044732209520538577 584453
949 1858294208349076720010912062449663498380121 1907722847462203776408003649205430472592434 584454
950 2044121799427610227949147317047664159945585 2098495132208424154048804014125973519851677 584453
951 2248534512890819320352397232576905977662127 2308344645429266569453684415538570871836844 584453
952 2473389478232840484984194604894004464084436 2539179109972193226399052857092427959020528 584454
953 2720726282305405313808949609525794895035487 2793097020969412549038958142801670754922580 584453
954 2992800406625385940388460579646454915676787 3072406723066353803942853957081837830414838 584453
955 3292081667452725267481755225235086290849212 3379647395372989184337139352790021613456321 584454
956 3621287553752111142836774996577927243172479 3717612134910288102770853288069023774801953 584453
957 3983418425374396095883226538161068163784103 4089373348401316913047938616875926152282148 584454
958 4381756327403387398046524937155070283911003 4498310683241448604352732478563518767510362 584453
959 4819933111570516959766527835677505375885795 4948141751565593464788005726419870644261398 584453
960 5301929639150679353256121171357721303650038 5442955926722152811266806299061857708687537 584454
961 5832117990156627482872784157215106769203794 5987251519394368092393486928968043479556290 584453
962 6415332991611146173093171431471091752335846 6585976671333804901632835621864847827511919 584453
963 7056868894258472055610989621947239775877199 7244574338467185391796119184051332610263110 584454
964 7762550879292640755480140224940929864962321 7969031772313903930975731102456465871289421 584453
965 8538810497029730428068551184001124094999555 8765934949545294324073304212702112458418363 584454
966 9392683091497404075119194379506642165665880 9642528444499823756480634633972323704260199 584453
967 10331953858377395593312685211595044214486177 10606781288949806132128698097369556074686218 584453
968 11365156131250091387164072255316324022486475 11667459417844786745341567907106511682154839 584454
969 12501661850082909546429536938320797815010001 12834205359629265419875724697817162850370322 584453
970 13751834892262474779654482281652980432828322 14117625895592191961863297167598879135407354 584453
971 15127023955915782681204144578503162676653731 15529388485151411158049626884358767048948089 584454
972 16639715833225800249015281254279796472833981 17082327333666552273854589572794643753842897 584453
973 18303697121202895937602349545351725709713543 18790560067033207501240048530074108129227186 584454
974 20134048703613205458260294799764898598809954 20669616073736528251364053383081518942149904 584453
975 22147458837995760724882082998217183280254535 22736577681110181076500458721389670836364894 584453
976 24362219480603255656119159276971348875122609 25010235449221199184150504593528637920001383 584453
977 26798454449428036580452625645450004527112364 27511258994143319102565555052881501712001521 584454
978 29478288786895543511696915254026795418889418 30262384893557651012822110558169651883201673 584454
979 32426087479263873117571718042846507135181967 33288623382913416114104321613986617071521840 584453
980 35668700882095890882345759249337882432170769 36617485721204757725514753775385278778674024 584453
981 39235582806405121631562749056847868587884543 40279234293325233498066229152923806656541426 584453
982 43159173012861172060720239502526906929560713 44307157722657756847872852068216187322195568 584454
983 47475064882125801705456572584807156386270139 48737873494923532532660137275037806054415124 584453
984 52222587243991134406092052116565134602786226 53611660844415885785926151002541586659856636 584454
985 57444802528933447047593643135813623673412114 58972826928857474364518766102795745325842299 584453
986 63189301010544948174697231209115448233737163 64870109621743221800970642713075319858426528 584453
987 69508270635178449951872320146940915500887851 71357120583917543981067706984382851844269180 584454
988 76459037733797006937046977353205019512338885 78492832642309298379174477682821137028696098 584453
989 84104987227111202386912369757262026193423460 86342115906540228217091925451103250731565707 584453
990 92515519171550789776403793842840160411998095 94976327497194251038801117996213575804722277 584454
991 101767007051927233675926465299825210813713268 104473960246913676142681229795834933385194504 584453
992 111943768689438347377101171163720402488285261 114921356271605043756949352775418426723713954 584454
993 123138035333859271064032632369278840075670955 126413491898765548132644288052960269396085349 584453
994 135451871006668284590982023336958892320795574 139054841088642102945908716858256296335693883 584453
995 148997149314093051718343687954183185389930966 152960325197506313240499588544081925969263271 584454
996 163896735105912650704575101218741896190156359 168256357717256944564549547398490118566189598 584453
997 180286498741123889014521060763397736719199687 185081993488982639021004502138339130422808557 584453
998 198315222118130455225715258984087537943899880 203590192837880902923104952352173043465089412 584454
999 218146606955806942167866165271727066625742340 223949212121668993215415447587390347811598353 584453
584348
