0 1000 1000 600000
1 1000 904 663716
2 1000 875 685714
3 800 923 520043
4 860 990 521212
5 938 961 585639
6 999 957 626332
7 1001 888 676351
8 916 957 574294
9 911 1033 529138
10 1001 983 610986
11 1023 1028 597081
12 1070 1084 592250
13 1089 1120 583392
14 1133 1095 620821
15 1155 999 693693
16 1053 1011 624925
17 983 1002 588622
18 949 1077 528690
19 1030 1117 553267
20 1131 1176 577040
21 1211 1114 652244
22 1193 1033 692933
23 1076 1024 630468
24 996 970 616082
25 913 1046 523709
26 980 998 589178
27 999 975 614769
28 984 895 659664
29 913 944 580296
30 881 997 530190
31 955 995 575879
32 1003 1012 594664
33 1055 963 657320
34 997 1054 567552
35 1028 1124 548754
36 1119 1031 651212
37 1096 1003 655633
38 1050 939 670926
39 925 976 568647
40 900 987 547112
41 954 1013 565054
42 1004 1002 601197
43 1031 1087 569089
44 1082 1192 544630
45 1200 1152 625000
46 1230 1206 611940
47 1271 1154 660831
48 1203 1039 694706
49 1058 1034 613926
50 997 1136 526584
51 1038 1212 513861
52 1178 1315 537490
53 1366 1362 601762
54 1463 1432 612988
55 1513 1343 675949
56 1446 1461 593839
57 1463 1523 576362
58 1529 1646 557351
59 1661 1603 621709
60 1725 1752 590753
61 1795 1771 608130
62 1839 1884 585668
63 1923 1853 622665
64 1961 1671 704129
65 1762 1604 659102
66 1594 1762 542792
67 1610 1906 506820
68 1816 1795 607019
69 1912 1674 685304
70 1799 1630 662208
71 1606 1677 574597
72 1550 1728 538194
73 1664 1785 559327
74 1794 1618 665265
75 1714 1495 687892
76 1519 1533 594520
77 1430 1384 619942
78 1296 1370 567591
79 1297 1356 573893
80 1298 1231 632656
81 1188 1249 570696
82 1195 1293 554524
83 1224 1263 581472
84 1242 1329 560722
85 1336 1376 582558
86 1389 1508 552652
87 1518 1541 591044
88 1622 1422 684388
89 1540 1433 644801
90 1462 1537 570722
91 1473 1673 528272
92 1635 1729 567379
93 1816 1557 699807
94 1717 1463 704169
95 1513 1486 610901
96 1392 1466 569713
97 1363 1581 517267
98 1525 1645 556231
99 1666 1671 598204
100 1734 1717 605940
101 1793 1735 620057
102 1783 1575 679238
103 1647 1614 612267
104 1587 1773 537055
105 1682 1668 605035
106 1691 1512 671031
107 1607 1518 635177
108 1482 1668 533093
109 1522 1824 500657
110 1776 1924 553846
111 2028 1768 688235
112 1968 1697 695816
113 1776 1829 582613
114 1745 1764 593537
115 1721 1940 532268
116 1922 1903 605990
117 1982 1821 653047
118 1887 1751 646601
119 1793 1903 565317
120 1797 1897 568371
121 1876 1870 601925
122 1920 1828 630196
123 1885 1793 630786
124 1771 1819 584167
125 1772 1708 622482
126 1704 1617 632282
127 1600 1628 589680
128 1554 1673 557322
129 1578 1552 610051
130 1560 1710 547368
131 1669 1814 552039
132 1798 1843 585349
133 1898 1983 574281
134 2077 2155 578283
135 2216 2042 651126
136 2198 2229 591655
137 2299 2445 564171
138 2470 2224 666366
139 2381 2150 664465
140 2281 2345 583624
141 2260 2291 591881
142 2234 2064 649418
143 2163 2082 623342
144 2063 2077 595955
145 1949 2004 583532
146 1938 1855 626846
147 1869 1914 585893
148 1821 1940 563195
149 1850 2060 538834
150 2014 2272 531866
151 2302 2156 640630
152 2314 2186 635132
153 2299 2028 680177
154 2095 1908 658805
155 1852 2037 545508
156 1907 2067 553555
157 1976 2106 562962
158 2122 2268 561375
159 2314 2379 583606
160 2435 2457 594627
161 2570 2412 639303
162 2564 2653 579871
163 2676 2634 609567
164 2717 2723 598677
165 2803 2870 585993
166 2955 2901 611168
167 2975 3141 568290
168 3213 3260 591349
169 3381 2969 683260
170 3193 2781 688888
171 2887 2675 647551
172 2542 2905 525025
173 2618 3111 504918
174 3011 2902 622536
175 3078 3064 602741
176 3162 2800 677571
177 2881 2864 603561
178 2771 2826 588322
179 2786 3088 541321
180 2949 3344 529126
181 3377 3089 655940
182 3333 3144 636068
183 3287 3389 581941
184 3333 3395 589042
185 3392 3581 568332
186 3691 3623 611261
187 3771 3423 660999
188 3569 3474 616407
189 3499 3668 572355
190 3562 3679 580918
191 3681 3461 638139
192 3625 3713 585779
193 3680 3690 598373
194 3666 4047 543513
195 4006 4451 540013
196 4565 4499 608801
197 4779 4710 608789
198 5026 5082 593388
199 5256 5026 627457
200 5272 4850 652206
201 5139 5063 609006
202 5087 5275 578616
203 5185 5285 588647
204 5384 5332 605851
205 5515 4948 668755
206 5129 5457 563936
207 5268 5735 551142
208 5657 5419 626351
209 5666 5234 649522
210 5520 5008 661341
211 4953 5023 591638
212 4734 4766 595971
213 4634 4713 589942
214 4564 4505 607857
215 4407 4392 602049
216 4226 4273 593400
217 4139 4388 565952
218 4190 4006 627558
219 4015 4230 569503
220 4083 4301 569588
221 4209 4171 605466
222 4177 4191 597995
223 4272 4576 560139
224 4470 4768 562500
225 4803 4977 579023
226 5193 4479 695646
227 4889 4111 713549
228 4216 3794 666736
229 3582 3425 627503
230 3020 3616 501106
231 3162 3424 554088
232 3209 3547 542824
233 3414 3589 570743
234 3598 3240 666296
235 3309 2932 677148
236 2959 2706 656097
237 2503 2716 552945
238 2355 2677 527829
239 2452 2414 609444
240 2371 2172 654972
241 2126 2276 560456
242 2037 2298 531853
243 2100 2275 553846
244 2242 2327 578083
245 2362 2445 579631
246 2432 2515 580198
247 2552 2391 640401
248 2516 2634 573120
249 2630 2770 569675
250 2779 2897 575560
251 2983 2969 602829
252 3158 2814 673347
253 2984 2797 640114
254 2843 2838 601057
255 2776 2613 637428
256 2599 2712 575000
257 2640 2655 596610
258 2600 2668 584707
259 2607 2838 551162
260 2817 2806 602352
261 2846 2682 636689
262 2789 2515 665367
263 2566 2266 679435
264 2192 2241 586880
265 2037 2149 568729
266 1971 2187 540740
267 2040 2259 541832
268 2202 2430 543703
269 2400 2527 569845
270 2610 2605 601151
271 2734 2495 657474
272 2655 2430 655555
273 2488 2638 565883
274 2551 2680 571119
275 2656 2470 645182
276 2602 2573 606762
277 2594 2516 618600
278 2470 2324 637693
279 2314 2507 553809
280 2427 2674 544577
281 2578 2409 642092
282 2525 2324 651893
283 2420 2147 676292
284 2091 2071 605794
285 1884 2010 562388
286 1877 2146 524790
287 1992 2156 554359
288 2133 2136 599157
289 2187 2315 566825
290 2332 2539 551083
291 2540 2447 622803
292 2615 2439 643296
293 2597 2653 587335
294 2652 2621 607096
295 2650 2720 584558
296 2792 2518 665289
297 2656 2538 627895
298 2511 2763 545276
299 2662 3039 525567
300 2979 3127 571602
301 3310 2986 665103
302 3268 2977 658649
303 3089 3116 594801
304 3049 3109 588420
305 3090 3059 606080
306 3133 2783 675458
307 2876 2883 598543
308 2753 3081 536124
309 2914 3130 558594
310 3119 2851 656401
311 3059 2993 613230
312 2987 3214 557622
313 3092 2918 635777
314 3003 2850 632210
315 2944 2738 645142
316 2681 3009 534596
317 2771 2867 579909
318 2894 2629 660479
319 2725 2889 565939
320 2805 2620 642366
321 2577 2378 650210
322 2382 2563 557627
323 2426 2785 522657
324 2569 2715 567734
325 2789 2687 622776
326 2856 2458 697152
327 2551 2445 626012
328 2336 2347 597187
329 2239 2290 586637
330 2175 2198 593721
331 2146 1995 645413
332 1940 2142 543417
333 1984 1947 611402
334 1892 1839 617292
335 1796 1905 565669
336 1821 1943 562326
337 1823 2061 530713
338 2038 2242 545405
339 2286 2452 559380
340 2537 2687 566505
341 2838 2684 634426
342 2932 2520 698095
343 2751 2343 704481
344 2423 2118 686402
345 2029 2276 534885
346 2022 2328 521134
347 2182 2206 593472
348 2236 2053 653482
349 2136 1987 644992
350 1915 1988 577967
351 1845 1948 568275
352 1862 1836 608496
353 1821 1881 580861
354 1820 1847 591229
355 1795 2018 533696
356 1951 1961 596940
357 2025 2162 561979
358 2177 2356 554414
359 2419 2297 631867
360 2446 2489 589634
361 2610 2426 645507
362 2544 2671 571471
363 2675 2422 662675
364 2590 2308 673310
365 2355 2185 646681
366 2150 2287 564057
367 2074 2243 554792
368 2175 2420 539256
369 2372 2269 627236
370 2370 2373 599241
371 2378 2527 564622
372 2522 2486 608688
373 2532 2252 674600
374 2405 2051 703559
375 2064 2106 588034
376 1903 1897 601897
377 1762 1895 557889
378 1779 1919 556227
379 1832 1800 610666
380 1746 1814 577508
381 1787 1982 540968
382 1900 2023 563519
383 2024 1893 641521
384 2019 1860 651290
385 1914 1999 574487
386 1915 2084 551343
387 2040 1938 631578
388 2050 1899 647709
389 1959 1870 628556
390 1826 1733 632198
391 1676 1833 548608
392 1743 1986 526586
393 1903 1797 635392
394 1876 1885 597135
395 1927 1815 637024
396 1824 1916 571189
397 1846 1870 592299
398 1910 1995 574436
399 1977 1811 654997
400 1902 1899 600947
401 1871 1745 643323
402 1759 1738 607249
403 1666 1864 536266
404 1796 1878 573801
405 1848 2000 554400
406 2040 2106 581196
407 2178 2303 567433
408 2360 2233 634124
409 2407 2078 694995
410 2228 2152 621189
411 2135 1999 640820
412 1946 2162 540055
413 2061 2211 559294
414 2204 2142 617366
415 2190 2309 569077
416 2344 2380 590924
417 2402 2608 552607
418 2639 2709 584496
419 2858 2749 623790
420 2911 2578 677501
421 2766 2459 674908
422 2494 2466 606812
423 2361 2599 545055
424 2447 2414 608202
425 2446 2380 616638
426 2403 2449 588730
427 2386 2613 547876
428 2509 2495 603366
429 2587 2475 627151
430 2554 2554 600000
431 2538 2722 559441
432 2655 2776 573847
433 2847 2542 671990
434 2721 2315 705226
435 2386 2266 631774
436 2113 2075 610987
437 1893 2043 555947
438 1876 1873 600961
439 1784 1719 622687
440 1608 1658 581905
441 1528 1719 533333
442 1544 1658 558745
443 1596 1701 562962
444 1679 1663 605772
445 1679 1781 565637
446 1743 1846 566522
447 1867 1871 598717
448 1928 1741 664445
449 1855 1702 653936
450 1710 1758 583617
451 1681 1881 536204
452 1802 2042 529480
453 2058 1946 634532
454 2099 2041 617050
455 2122 2000 636600
456 2051 2118 581019
457 2092 2331 538481
458 2339 2554 549490
459 2616 2518 623351
460 2745 2661 618940
461 2817 2402 703663
462 2568 2447 629668
463 2417 2422 598761
464 2367 2300 617478
465 2236 2302 582797
466 2272 2221 613777
467 2167 2152 604182
468 2096 2025 621037
469 1990 2148 555865
470 2019 2270 533656
471 2190 2088 629310
472 2172 1983 657186
473 2060 2163 571428
474 2055 2152 572955
475 2083 2042 612047
476 2109 1901 665649
477 1964 1769 666139
478 1696 1719 591972
479 1577 1885 501962
480 1716 1996 515831
481 1944 2023 576569
482 2112 1824 694736
483 1994 1656 722463
484 1690 1558 650834
485 1439 1537 561743
486 1350 1480 547297
487 1368 1596 514285
488 1508 1484 609703
489 1504 1607 561543
490 1585 1756 541571
491 1752 1935 543255
492 1960 1776 662162
493 1984 1701 699823
494 1815 1706 638335
495 1675 1632 615808
496 1546 1581 586717
497 1541 1671 553321
498 1604 1784 539461
499 1734 1898 548155
500 1932 1827 634482
501 1968 1646 717375
502 1765 1650 641818
503 1605 1696 567806
504 1569 1626 578966
505 1584 1681 565377
506 1674 1771 567137
507 1753 1845 570081
508 1858 1833 608183
509 1925 1827 632183
510 1896 1993 570797
511 1982 1831 649481
512 1907 1805 633905
513 1845 1985 557682
514 1927 1818 635973
515 1829 1894 579408
516 1908 1882 608289
517 1897 2068 550386
518 1998 2179 550160
519 2235 2283 587385
520 2382 2378 601009
521 2518 2568 588317
522 2655 2544 626179
523 2693 2294 704359
524 2470 2108 703036
525 2135 2158 593605
526 1959 2367 496577
527 2147 2570 501245
528 2542 2523 604518
529 2717 2558 637294
530 2720 2473 659927
531 2558 2396 640567
532 2384 2443 585509
533 2382 2279 627117
534 2255 2276 594463
535 2220 2241 594377
536 2183 2427 539678
537 2312 2354 589294
538 2405 2151 670850
539 2250 2034 663716
540 2034 1883 648114
541 1749 1935 542325
542 1741 1844 566485
543 1756 1923 547893
544 1848 2080 533076
545 2047 2069 593620
546 2120 2120 600000
547 2217 2132 623921
548 2202 2006 658624
549 2057 2064 597965
550 2042 2033 602656
551 1999 1890 634603
552 1887 1772 638939
553 1761 1694 623730
554 1593 1793 533073
555 1635 1861 527135
556 1790 1970 545177
557 1986 1950 611076
558 2060 1975 625822
559 2047 1915 641357
560 1967 2077 568223
561 2031 2056 592704
562 2090 2060 608737
563 2109 1965 643969
564 2038 2049 596778
565 1999 2184 549175
566 2137 2295 558692
567 2317 2182 637121
568 2339 1985 707002
569 2100 1925 654545
570 1865 1838 608813
571 1694 1740 584137
572 1625 1592 612437
573 1525 1453 629731
574 1355 1521 534516
575 1355 1425 570526
576 1336 1369 585536
577 1331 1315 607300
578 1290 1429 541637
579 1324 1361 583688
580 1361 1457 560466
581 1452 1534 567926
582 1557 1449 644720
583 1509 1424 635814
584 1478 1395 635698
585 1382 1420 583943
586 1360 1383 590021
587 1375 1485 555555
588 1454 1531 569823
589 1544 1662 557400
590 1685 1638 617216
591 1746 1559 671969
592 1650 1693 584760
593 1682 1532 658746
594 1556 1516 615831
595 1509 1475 613830
596 1453 1411 617859
597 1339 1370 586423
598 1334 1402 570898
599 1338 1525 526426
600 1463 1450 605379
601 1500 1328 677710
602 1403 1341 627740
603 1313 1295 608339
604 1219 1256 582324
605 1208 1328 545783
606 1285 1244 619774
607 1247 1286 581804
608 1275 1385 552346
609 1365 1373 596504
610 1392 1422 587341
611 1474 1433 617166
612 1478 1357 653500
613 1394 1378 606966
614 1377 1474 560515
615 1427 1572 544656
616 1562 1619 578875
617 1693 1772 573250
618 1842 1702 649353
619 1825 1533 714285
620 1642 1615 610030
621 1576 1463 646343
622 1407 1581 533965
623 1488 1710 522105
624 1676 1807 556502
625 1824 1664 657692
626 1831 1612 681513
627 1680 1579 638378
628 1539 1680 549642
629 1569 1787 526804
630 1757 1703 619025
631 1789 1575 681523
632 1670 1524 657480
633 1497 1569 572466
634 1448 1488 583870
635 1442 1595 542445
636 1550 1617 575139
637 1621 1689 575843
638 1702 1739 587234
639 1805 1860 582258
640 1895 1971 576864
641 2039 1965 622595
642 2081 2057 607000
643 2140 2190 586301
644 2233 2281 587373
645 2347 2411 584072
646 2516 2208 683695
647 2385 2064 693313
648 2134 2167 590862
649 2055 2086 591083
650 1980 1998 594594
651 1987 2015 591662
652 1985 1966 605798
653 1905 1810 631491
654 1801 1647 656102
655 1617 1765 549688
656 1597 1830 523606
657 1710 1932 531055
658 1925 1995 578947
659 2094 2140 587102
660 2205 2319 570504
661 2397 2407 597507
662 2542 2368 644087
663 2551 2320 659741
664 2433 2252 648223
665 2267 2146 633830
666 2109 2124 595762
667 2044 1977 620333
668 1920 1795 641782
669 1737 1827 570443
670 1685 1810 558563
671 1675 1657 606517
672 1627 1774 550281
673 1709 1781 575743
674 1733 1773 586463
675 1774 1911 556985
676 1929 1779 650590
677 1845 1807 612617
678 1828 1738 631070
679 1750 1859 564819
680 1776 1914 556739
681 1915 1780 645505
682 1855 1678 663289
683 1736 1813 574517
684 1712 1787 574818
685 1728 1901 545397
686 1896 2045 556283
687 2093 2214 567208
688 2270 2329 584800
689 2472 2401 617742
690 2562 2583 595121
691 2692 2360 684406
692 2542 2282 668361
693 2352 2382 592443
694 2302 2186 631838
695 2127 2336 546318
696 2267 2366 574894
697 2346 2252 625044
698 2280 2098 652049
699 2172 1988 655533
700 1920 2160 533333
701 1971 2019 585735
702 1983 2188 543784
703 2153 2102 614557
704 2169 2257 576606
705 2226 2374 562594
706 2419 2430 597283
707 2495 2483 602899
708 2608 2351 665589
709 2466 2233 662606
710 2266 2181 623383
711 2113 2279 556296
712 2134 2395 534613
713 2329 2327 600515
714 2403 2222 648874
715 2319 2064 674127
716 2077 2152 579089
717 2007 2076 580057
718 1997 2028 590828
719 1997 1912 626673
720 1920 1760 654545
721 1703 1932 528881
722 1776 1800 592000
723 1757 1888 558368
724 1858 1933 576720
725 1952 1867 627316
726 1884 2014 561271
727 2023 2165 560646
728 2162 2108 615370
729 2212 2253 589081
730 2342 2322 605167
731 2382 2164 660443
732 2265 2092 649617
733 2154 1886 685259
734 1855 1976 563259
735 1797 2173 496180
736 2028 2296 529965
737 2294 2162 636632
738 2359 2224 636420
739 2310 2428 570840
740 2388 2372 604047
741 2422 2440 595573
742 2535 2196 692622
743 2320 2362 589331
744 2269 2317 587570
745 2283 2113 648272
746 2126 2117 602550
747 2098 2220 567027
748 2081 2282 547151
749 2221 2295 580653
750 2364 2483 571244
751 2522 2728 554692
752 2767 2637 629579
753 2827 2903 584292
754 3020 2786 650394
755 2941 2585 682630
756 2688 2657 607000
757 2632 2455 643258
758 2371 2361 602541
759 2277 2330 586351
760 2237 2269 591538
761 2144 2082 617867
762 2050 2163 568654
763 2049 2009 611946
764 1948 1906 613221
765 1848 1978 560566
766 1889 2120 534622
767 2002 2200 546000
768 2222 2164 616081
769 2295 2263 608484
770 2328 2075 673156
771 2158 2070 625507
772 2052 1889 651773
773 1870 1902 589905
774 1769 1765 601359
775 1703 1945 525347
776 1803 1773 610152
777 1800 1671 646319
778 1676 1592 631658
779 1563 1746 537113
780 1574 1906 495487
781 1839 2001 551424
782 2074 1876 663326
783 2070 1791 693467
784 1882 1912 590585
785 1837 1887 584101
786 1836 1851 595137
787 1878 1971 571689
788 1972 1854 638187
789 1886 2000 565800
790 1981 1896 626898
791 1950 1933 605276
792 1921 2112 545738
793 2091 2154 582451
794 2175 2216 588898
795 2320 2111 659403
796 2243 2077 647953
797 2101 2135 590444
798 2087 2152 581877
799 2108 2345 539360
800 2326 2483 562062
801 2544 2373 643236
802 2540 2351 648234
803 2469 2318 639085
804 2317 2382 583627
805 2306 2191 631492
806 2224 2044 652837
807 2035 2180 560091
808 2040 2206 554850
809 2092 2190 573150
810 2210 2115 626950
811 2192 2176 604411
812 2146 2219 580261
813 2184 2223 589473
814 2235 2354 569668
815 2373 2259 630278
816 2336 2218 631920
817 2266 2346 579539
818 2313 2507 553570
819 2456 2404 612978
820 2520 2391 632371
821 2493 2309 647812
822 2334 2311 605971
823 2240 2216 606498
824 2191 2444 537888
825 2337 2294 611246
826 2347 2530 556600
827 2512 2342 643552
828 2467 2260 654955
829 2278 2128 642293
830 2133 2108 607115
831 1958 1949 602770
832 1878 2108 534535
833 1966 2133 553023
834 2088 2111 593462
835 2138 2317 553646
836 2345 2458 572416
837 2489 2266 659046
838 2440 2143 683154
839 2262 2254 602129
840 2158 2400 539500
841 2265 2644 513993
842 2644 2704 586686
843 2882 2566 673889
844 2792 2324 720826
845 2461 2540 581338
846 2381 2796 510944
847 2631 2868 550418
848 2942 2747 642591
849 3006 2977 605844
850 3034 3197 569408
851 3190 3021 633565
852 3187 3214 594959
853 3325 3178 627753
854 3243 2885 674454
855 2958 2908 610316
856 2876 2663 647990
857 2558 2689 570769
858 2507 2557 588267
859 2479 2439 609840
860 2339 2339 600000
861 2270 2165 629099
862 2059 2004 616467
863 1889 1903 595585
864 1747 1722 608710
865 1579 1675 565611
866 1518 1643 554351
867 1504 1743 517728
868 1617 1743 556626
869 1738 1685 618872
870 1733 1550 670838
871 1600 1545 621359
872 1476 1438 615855
873 1367 1577 520101
874 1460 1517 577455
875 1516 1427 637421
876 1455 1508 578912
877 1490 1639 545454
878 1569 1543 610110
879 1607 1456 662225
880 1541 1380 670000
881 1373 1276 645611
882 1194 1406 509530
883 1277 1429 536179
884 1383 1564 530562
885 1567 1546 608150
886 1654 1654 600000
887 1705 1774 576662
888 1827 1745 628194
889 1833 1771 621005
890 1860 1657 673506
891 1720 1776 581081
892 1720 1822 566410
893 1802 1929 560497
894 1935 1992 582831
895 2081 1995 625864
896 2085 1953 640552
897 2037 1923 635569
898 1943 1748 666933
899 1754 1634 644063
900 1574 1473 641140
901 1371 1559 527645
902 1367 1482 553441
903 1399 1613 520396
904 1543 1569 590057
905 1611 1456 663873
906 1502 1422 633755
907 1427 1514 565521
908 1412 1371 617943
909 1367 1327 618085
910 1325 1406 565433
911 1342 1387 580533
912 1335 1364 587243
913 1383 1422 583544
914 1426 1403 609836
915 1405 1529 551340
916 1517 1665 546666
917 1689 1666 608283
918 1762 1675 631164
919 1791 1542 696887
920 1627 1421 686980
921 1413 1494 567469
922 1382 1371 604814
923 1305 1281 611241
924 1253 1356 554424
925 1282 1288 597204
926 1229 1199 615012
927 1197 1310 548244
928 1259 1401 539186
929 1346 1525 529573
930 1548 1480 627567
931 1614 1466 660572
932 1553 1581 589373
933 1580 1536 617187
934 1553 1575 591619
935 1605 1633 589712
936 1657 1745 569742
937 1740 1760 593181
938 1835 1631 675045
939 1740 1686 619217
940 1688 1697 596817
941 1655 1671 594254
942 1656 1682 590725
943 1700 1732 588914
944 1717 1617 637105
945 1652 1584 625757
946 1585 1545 615533
947 1506 1545 584854
948 1472 1396 632664
949 1393 1503 556087
950 1424 1606 532004
951 1543 1609 575388
952 1633 1679 583561
953 1759 1803 585357
954 1841 1884 586305
955 1941 2044 569765
956 2127 1925 662961
957 2086 2090 598851
958 2132 2175 588137
959 2212 2370 560000
960 2393 2417 594042
961 2573 2658 580812
962 2753 2796 590772
963 2942 2938 600816
964 3091 3140 590636
965 3308 3253 610144
966 3416 3272 626405
967 3460 3088 672279
968 3267 3091 634163
969 3093 3251 570839
970 3137 3345 562690
971 3302 3646 543390
972 3695 3310 669788
973 3577 3247 660979
974 3350 3311 607067
975 3233 3009 644666
976 2923 3111 563741
977 3008 3067 588457
978 2981 2959 604460
979 2899 2728 637609
980 2761 2695 614693
981 2561 2827 543544
982 2633 3039 519842
983 2927 3172 553656
984 3261 2892 676556
985 3144 3091 610287
986 3118 3193 585906
987 3146 3055 617872
988 3101 2789 667120
989 2932 2875 611895
990 2751 2837 581811
991 2685 2556 630281
992 2537 2714 560869
993 2613 2575 608854
994 2495 2840 527112
995 2710 2584 629256
996 2710 2640 615909
997 2631 2835 556825
998 2790 2979 561933
999 2934 2964 593927
600023
