0 1000 1000 600000
1 1000 1000 600000
2 1000 1200 500000
3 1200 1000 720000
4 1000 1200 500000
5 1200 1000 720000
6 1000 1200 500000
7 1200 1000 720000
8 1000 1200 500000
9 1200 1000 720000
10 1000 1200 500000
11 1200 1000 720000
12 1000 1200 500000
13 1200 1000 720000
14 1000 1200 500000
15 1200 1000 720000
16 1000 1200 500000
17 1200 1000 720000
18 1000 1200 500000
19 1200 1000 720000
20 1000 1200 500000
21 1200 1000 720000
22 1000 1200 500000
23 1200 1000 720000
24 1000 1200 500000
25 1200 1000 720000
26 1000 1200 500000
27 1200 1000 720000
28 1000 1200 500000
29 1200 1000 720000
30 1000 1200 500000
31 1200 1000 720000
32 1000 1200 500000
33 1200 1000 720000
34 1000 1200 500000
35 1200 1000 720000
36 1000 1200 500000
37 1200 1000 720000
38 1000 1200 500000
39 1200 1000 720000
40 1000 1200 500000
41 1200 1000 720000
42 1000 1200 500000
43 1200 1000 720000
44 1000 1200 500000
45 1200 1000 720000
46 1000 1200 500000
47 1200 1000 720000
48 1000 1200 500000
49 1200 1000 720000
50 1000 1200 500000
51 1200 1000 720000
52 1000 1200 500000
53 1200 1000 720000
54 1000 1200 500000
55 1200 1000 720000
56 1000 1200 500000
57 1200 1000 720000
58 1000 1200 500000
59 1200 1000 720000
60 1000 1200 500000
61 1200 1000 720000
62 1000 1200 500000
63 1200 1000 720000
64 1000 1200 500000
65 1200 1000 720000
66 1000 1200 500000
67 1200 1000 720000
68 1000 1200 500000
69 1200 1000 720000
70 1000 1200 500000
71 1200 1000 720000
72 1000 1200 500000
73 1200 1000 720000
74 1000 1200 500000
75 1200 1000 720000
76 1000 1200 500000
77 1200 1000 720000
78 1000 1200 500000
79 1200 1000 720000
80 1000 1200 500000
81 1200 1000 720000
82 1000 1200 500000
83 1200 1000 720000
84 1000 1200 500000
85 1200 1000 720000
86 1000 1200 500000
87 1200 1000 720000
88 1000 1200 500000
89 1200 1000 720000
90 1000 1200 500000
91 1200 1000 720000
92 1000 1200 500000
93 1200 1000 720000
94 1000 1200 500000
95 1200 1000 720000
96 1000 1200 500000
97 1200 1000 720000
98 1000 1200 500000
99 1200 1000 720000
100 1000 1200 500000
101 1200 1000 720000
102 1000 1200 500000
103 1200 1000 720000
104 1000 1200 500000
105 1200 1000 720000
106 1000 1200 500000
107 1200 1000 720000
108 1000 1200 500000
109 1200 1000 720000
110 1000 1200 500000
111 1200 1000 720000
112 1000 1200 500000
113 1200 1000 720000
114 1000 1200 500000
115 1200 1000 720000
116 1000 1200 500000
117 1200 1000 720000
118 1000 1200 500000
119 1200 1000 720000
120 1000 1200 500000
121 1200 1000 720000
122 1000 1200 500000
123 1200 1000 720000
124 1000 1200 500000
125 1200 1000 720000
126 1000 1200 500000
127 1200 1000 720000
128 1000 1200 500000
129 1200 1000 720000
130 1000 1200 500000
131 1200 1000 720000
132 1000 1200 500000
133 1200 1000 720000
134 1000 1200 500000
135 1200 1000 720000
136 1000 1200 500000
137 1200 1000 720000
138 1000 1200 500000
139 1200 1000 720000
140 1000 1200 500000
141 1200 1000 720000
142 1000 1200 500000
143 1200 1000 720000
144 1000 1200 500000
145 1200 1000 720000
146 1000 1200 500000
147 1200 1000 720000
148 1000 1200 500000
149 1200 1000 720000
150 1000 1200 500000
151 1200 1000 720000
152 1000 1200 500000
153 1200 1000 720000
154 1000 1200 500000
155 1200 1000 720000
156 1000 1200 500000
157 1200 1000 720000
158 1000 1200 500000
159 1200 1000 720000
160 1000 1200 500000
161 1200 1000 720000
162 1000 1200 500000
163 1200 1000 720000
164 1000 1200 500000
165 1200 1000 720000
166 1000 1200 500000
167 1200 1000 720000
168 1000 1200 500000
169 1200 1000 720000
170 1000 1200 500000
171 1200 1000 720000
172 1000 1200 500000
173 1200 1000 720000
174 1000 1200 500000
175 1200 1000 720000
176 1000 1200 500000
177 1200 1000 720000
178 1000 1200 500000
179 1200 1000 720000
180 1000 1200 500000
181 1200 1000 720000
182 1000 1200 500000
183 1200 1000 720000
184 1000 1200 500000
185 1200 1000 720000
186 1000 1200 500000
187 1200 1000 720000
188 1000 1200 500000
189 1200 1000 720000
190 1000 1200 500000
191 1200 1000 720000
192 1000 1200 500000
193 1200 1000 720000
194 1000 1200 500000
195 1200 1000 720000
196 1000 1200 500000
197 1200 1000 720000
198 1000 1200 500000
199 1200 1000 720000
200 1000 1200 500000
201 1200 1000 720000
202 1000 1200 500000
203 1200 1000 720000
204 1000 1200 500000
205 1200 1000 720000
206 1000 1200 500000
207 1200 1000 720000
208 1000 1200 500000
209 1200 1000 720000
210 1000 1200 500000
211 1200 1000 720000
212 1000 1200 500000
213 1200 1000 720000
214 1000 1200 500000
215 1200 1000 720000
216 1000 1200 500000
217 1200 1000 720000
218 1000 1200 500000
219 1200 1000 720000
220 1000 1200 500000
221 1200 1000 720000
222 1000 1200 500000
223 1200 1000 720000
224 1000 1200 500000
225 1200 1000 720000
226 1000 1200 500000
227 1200 1000 720000
228 1000 1200 500000
229 1200 1000 720000
230 1000 1200 500000
231 1200 1000 720000
232 1000 1200 500000
233 1200 1000 720000
234 1000 1200 500000
235 1200 1000 720000
236 1000 1200 500000
237 1200 1000 720000
238 1000 1200 500000
239 1200 1000 720000
240 1000 1200 500000
241 1200 1000 720000
242 1000 1200 500000
243 1200 1000 720000
244 1000 1200 500000
245 1200 1000 720000
246 1000 1200 500000
247 1200 1000 720000
248 1000 1200 500000
249 1200 1000 720000
250 1000 1200 500000
251 1200 1000 720000
252 1000 1200 500000
253 1200 1000 720000
254 1000 1200 500000
255 1200 1000 720000
256 1000 1200 500000
257 1200 1000 720000
258 1000 1200 500000
259 1200 1000 720000
260 1000 1200 500000
261 1200 1000 720000
262 1000 1200 500000
263 1200 1000 720000
264 1000 1200 500000
265 1200 1000 720000
266 1000 1200 500000
267 1200 1000 720000
268 1000 1200 500000
269 1200 1000 720000
270 1000 1200 500000
271 1200 1000 720000
272 1000 1200 500000
273 1200 1000 720000
274 1000 1200 500000
275 1200 1000 720000
276 1000 1200 500000
277 1200 1000 720000
278 1000 1200 500000
279 1200 1000 720000
280 1000 1200 500000
281 1200 1000 720000
282 1000 1200 500000
283 1200 1000 720000
284 1000 1200 500000
285 1200 1000 720000
286 1000 1200 500000
287 1200 1000 720000
288 1000 1200 500000
289 1200 1000 720000
290 1000 1200 500000
291 1200 1000 720000
292 1000 1200 500000
293 1200 1000 720000
294 1000 1200 500000
295 1200 1000 720000
296 1000 1200 500000
297 1200 1000 720000
298 1000 1200 500000
299 1200 1000 720000
300 1000 1200 500000
301 1200 1000 720000
302 1000 1200 500000
303 1200 1000 720000
304 1000 1200 500000
305 1200 1000 720000
306 1000 1200 500000
307 1200 1000 720000
308 1000 1200 500000
309 1200 1000 720000
310 1000 1200 500000
311 1200 1000 720000
312 1000 1200 500000
313 1200 1000 720000
314 1000 1200 500000
315 1200 1000 720000
316 1000 1200 500000
317 1200 1000 720000
318 1000 1200 500000
319 1200 1000 720000
320 1000 1200 500000
321 1200 1000 720000
322 1000 1200 500000
323 1200 1000 720000
324 1000 1200 500000
325 1200 1000 720000
326 1000 1200 500000
327 1200 1000 720000
328 1000 1200 500000
329 1200 1000 720000
330 1000 1200 500000
331 1200 1000 720000
332 1000 1200 500000
333 1200 1000 720000
334 1000 1200 500000
335 1200 1000 720000
336 1000 1200 500000
337 1200 1000 720000
338 1000 1200 500000
339 1200 1000 720000
340 1000 1200 500000
341 1200 1000 720000
342 1000 1200 500000
343 1200 1000 720000
344 1000 1200 500000
345 1200 1000 720000
346 1000 1200 500000
347 1200 1000 720000
348 1000 1200 500000
349 1200 1000 720000
350 1000 1200 500000
351 1200 1000 720000
352 1000 1200 500000
353 1200 1000 720000
354 1000 1200 500000
355 1200 1000 720000
356 1000 1200 500000
357 1200 1000 720000
358 1000 1200 500000
359 1200 1000 720000
360 1000 1200 500000
361 1200 1000 720000
362 1000 1200 500000
363 1200 1000 720000
364 1000 1200 500000
365 1200 1000 720000
366 1000 1200 500000
367 1200 1000 720000
368 1000 1200 500000
369 1200 1000 720000
370 1000 1200 500000
371 1200 1000 720000
372 1000 1200 500000
373 1200 1000 720000
374 1000 1200 500000
375 1200 1000 720000
376 1000 1200 500000
377 1200 1000 720000
378 1000 1200 500000
379 1200 1000 720000
380 1000 1200 500000
381 1200 1000 720000
382 1000 1200 500000
383 1200 1000 720000
384 1000 1200 500000
385 1200 1000 720000
386 1000 1200 500000
387 1200 1000 720000
388 1000 1200 500000
389 1200 1000 720000
390 1000 1200 500000
391 1200 1000 720000
392 1000 1200 500000
393 1200 1000 720000
394 1000 1200 500000
395 1200 1000 720000
396 1000 1200 500000
397 1200 1000 720000
398 1000 1200 500000
399 1200 1000 720000
400 1000 1200 500000
401 1200 1000 720000
402 1000 1200 500000
403 1200 1000 720000
404 1000 1200 500000
405 1200 1000 720000
406 1000 1200 500000
407 1200 1000 720000
408 1000 1200 500000
409 1200 1000 720000
410 1000 1200 500000
411 1200 1000 720000
412 1000 1200 500000
413 1200 1000 720000
414 1000 1200 500000
415 1200 1000 720000
416 1000 1200 500000
417 1200 1000 720000
418 1000 1200 500000
419 1200 1000 720000
420 1000 1200 500000
421 1200 1000 720000
422 1000 1200 500000
423 1200 1000 720000
424 1000 1200 500000
425 1200 1000 720000
426 1000 1200 500000
427 1200 1000 720000
428 1000 1200 500000
429 1200 1000 720000
430 1000 1200 500000
431 1200 1000 720000
432 1000 1200 500000
433 1200 1000 720000
434 1000 1200 500000
435 1200 1000 720000
436 1000 1200 500000
437 1200 1000 720000
438 1000 1200 500000
439 1200 1000 720000
440 1000 1200 500000
441 1200 1000 720000
442 1000 1200 500000
443 1200 1000 720000
444 1000 1200 500000
445 1200 1000 720000
446 1000 1200 500000
447 1200 1000 720000
448 1000 1200 500000
449 1200 1000 720000
450 1000 1200 500000
451 1200 1000 720000
452 1000 1200 500000
453 1200 1000 720000
454 1000 1200 500000
455 1200 1000 720000
456 1000 1200 500000
457 1200 1000 720000
458 1000 1200 500000
459 1200 1000 720000
460 1000 1200 500000
461 1200 1000 720000
462 1000 1200 500000
463 1200 1000 720000
464 1000 1200 500000
465 1200 1000 720000
466 1000 1200 500000
467 1200 1000 720000
468 1000 1200 500000
469 1200 1000 720000
470 1000 1200 500000
471 1200 1000 720000
472 1000 1200 500000
473 1200 1000 720000
474 1000 1200 500000
475 1200 1000 720000
476 1000 1200 500000
477 1200 1000 720000
478 1000 1200 500000
479 1200 1000 720000
480 1000 1200 500000
481 1200 1000 720000
482 1000 1200 500000
483 1200 1000 720000
484 1000 1200 500000
485 1200 1000 720000
486 1000 1200 500000
487 1200 1000 720000
488 1000 1200 500000
489 1200 1000 720000
490 1000 1200 500000
491 1200 1000 720000
492 1000 1200 500000
493 1200 1000 720000
494 1000 1200 500000
495 1200 1000 720000
496 1000 1200 500000
497 1200 1000 720000
498 1000 1200 500000
499 1200 1000 720000
500 1000 1200 500000
501 1200 1000 720000
502 1000 1200 500000
503 1200 1000 720000
504 1000 1200 500000
505 1200 1000 720000
506 1000 1200 500000
507 1200 1000 720000
508 1000 1200 500000
509 1200 1000 720000
510 1000 1200 500000
511 1200 1000 720000
512 1000 1200 500000
513 1200 1000 720000
514 1000 1200 500000
515 1200 1000 720000
516 1000 1200 500000
517 1200 1000 720000
518 1000 1200 500000
519 1200 1000 720000
520 1000 1200 500000
521 1200 1000 720000
522 1000 1200 500000
523 1200 1000 720000
524 1000 1200 500000
525 1200 1000 720000
526 1000 1200 500000
527 1200 1000 720000
528 1000 1200 500000
529 1200 1000 720000
530 1000 1200 500000
531 1200 1000 720000
532 1000 1200 500000
533 1200 1000 720000
534 1000 1200 500000
535 1200 1000 720000
536 1000 1200 500000
537 1200 1000 720000
538 1000 1200 500000
539 1200 1000 720000
540 1000 1200 500000
541 1200 1000 720000
542 1000 1200 500000
543 1200 1000 720000
544 1000 1200 500000
545 1200 1000 720000
546 1000 1200 500000
547 1200 1000 720000
548 1000 1200 500000
549 1200 1000 720000
550 1000 1200 500000
551 1200 1000 720000
552 1000 1200 500000
553 1200 1000 720000
554 1000 1200 500000
555 1200 1000 720000
556 1000 1200 500000
557 1200 1000 720000
558 1000 1200 500000
559 1200 1000 720000
560 1000 1200 500000
561 1200 1000 720000
562 1000 1200 500000
563 1200 1000 720000
564 1000 1200 500000
565 1200 1000 720000
566 1000 1200 500000
567 1200 1000 720000
568 1000 1200 500000
569 1200 1000 720000
570 1000 1200 500000
571 1200 1000 720000
572 1000 1200 500000
573 1200 1000 720000
574 1000 1200 500000
575 1200 1000 720000
576 1000 1200 500000
577 1200 1000 720000
578 1000 1200 500000
579 1200 1000 720000
580 1000 1200 500000
581 1200 1000 720000
582 1000 1200 500000
583 1200 1000 720000
584 1000 1200 500000
585 1200 1000 720000
586 1000 1200 500000
587 1200 1000 720000
588 1000 1200 500000
589 1200 1000 720000
590 1000 1200 500000
591 1200 1000 720000
592 1000 1200 500000
593 1200 1000 720000
594 1000 1200 500000
595 1200 1000 720000
596 1000 1200 500000
597 1200 1000 720000
598 1000 1200 500000
599 1200 1000 720000
600 1000 1200 500000
601 1200 1000 720000
602 1000 1200 500000
603 1200 1000 720000
604 1000 1200 500000
605 1200 1000 720000
606 1000 1200 500000
607 1200 1000 720000
608 1000 1200 500000
609 1200 1000 720000
610 1000 1200 500000
611 1200 1000 720000
612 1000 1200 500000
613 1200 1000 720000
614 1000 1200 500000
615 1200 1000 720000
616 1000 1200 500000
617 1200 1000 720000
618 1000 1200 500000
619 1200 1000 720000
620 1000 1200 500000
621 1200 1000 720000
622 1000 1200 500000
623 1200 1000 720000
624 1000 1200 500000
625 1200 1000 720000
626 1000 1200 500000
627 1200 1000 720000
628 1000 1200 500000
629 1200 1000 720000
630 1000 1200 500000
631 1200 1000 720000
632 1000 1200 500000
633 1200 1000 720000
634 1000 1200 500000
635 1200 1000 720000
636 1000 1200 500000
637 1200 1000 720000
638 1000 1200 500000
639 1200 1000 720000
640 1000 1200 500000
641 1200 1000 720000
642 1000 1200 500000
643 1200 1000 720000
644 1000 1200 500000
645 1200 1000 720000
646 1000 1200 500000
647 1200 1000 720000
648 1000 1200 500000
649 1200 1000 720000
650 1000 1200 500000
651 1200 1000 720000
652 1000 1200 500000
653 1200 1000 720000
654 1000 1200 500000
655 1200 1000 720000
656 1000 1200 500000
657 1200 1000 720000
658 1000 1200 500000
659 1200 1000 720000
660 1000 1200 500000
661 1200 1000 720000
662 1000 1200 500000
663 1200 1000 720000
664 1000 1200 500000
665 1200 1000 720000
666 1000 1200 500000
667 1200 1000 720000
668 1000 1200 500000
669 1200 1000 720000
670 1000 1200 500000
671 1200 1000 720000
672 1000 1200 500000
673 1200 1000 720000
674 1000 1200 500000
675 1200 1000 720000
676 1000 1200 500000
677 1200 1000 720000
678 1000 1200 500000
679 1200 1000 720000
680 1000 1200 500000
681 1200 1000 720000
682 1000 1200 500000
683 1200 1000 720000
684 1000 1200 500000
685 1200 1000 720000
686 1000 1200 500000
687 1200 1000 720000
688 1000 1200 500000
689 1200 1000 720000
690 1000 1200 500000
691 1200 1000 720000
692 1000 1200 500000
693 1200 1000 720000
694 1000 1200 500000
695 1200 1000 720000
696 1000 1200 500000
697 1200 1000 720000
698 1000 1200 500000
699 1200 1000 720000
700 1000 1200 500000
701 1200 1000 720000
702 1000 1200 500000
703 1200 1000 720000
704 1000 1200 500000
705 1200 1000 720000
706 1000 1200 500000
707 1200 1000 720000
708 1000 1200 500000
709 1200 1000 720000
710 1000 1200 500000
711 1200 1000 720000
712 1000 1200 500000
713 1200 1000 720000
714 1000 1200 500000
715 1200 1000 720000
716 1000 1200 500000
717 1200 1000 720000
718 1000 1200 500000
719 1200 1000 720000
720 1000 1200 500000
721 1200 1000 720000
722 1000 1200 500000
723 1200 1000 720000
724 1000 1200 500000
725 1200 1000 720000
726 1000 1200 500000
727 1200 1000 720000
728 1000 1200 500000
729 1200 1000 720000
730 1000 1200 500000
731 1200 1000 720000
732 1000 1200 500000
733 1200 1000 720000
734 1000 1200 500000
735 1200 1000 720000
736 1000 1200 500000
737 1200 1000 720000
738 1000 1200 500000
739 1200 1000 720000
740 1000 1200 500000
741 1200 1000 720000
742 1000 1200 500000
743 1200 1000 720000
744 1000 1200 500000
745 1200 1000 720000
746 1000 1200 500000
747 1200 1000 720000
748 1000 1200 500000
749 1200 1000 720000
750 1000 1200 500000
751 1200 1000 720000
752 1000 1200 500000
753 1200 1000 720000
754 1000 1200 500000
755 1200 1000 720000
756 1000 1200 500000
757 1200 1000 720000
758 1000 1200 500000
759 1200 1000 720000
760 1000 1200 500000
761 1200 1000 720000
762 1000 1200 500000
763 1200 1000 720000
764 1000 1200 500000
765 1200 1000 720000
766 1000 1200 500000
767 1200 1000 720000
768 1000 1200 500000
769 1200 1000 720000
770 1000 1200 500000
771 1200 1000 720000
772 1000 1200 500000
773 1200 1000 720000
774 1000 1200 500000
775 1200 1000 720000
776 1000 1200 500000
777 1200 1000 720000
778 1000 1200 500000
779 1200 1000 720000
780 1000 1200 500000
781 1200 1000 720000
782 1000 1200 500000
783 1200 1000 720000
784 1000 1200 500000
785 1200 1000 720000
786 1000 1200 500000
787 1200 1000 720000
788 1000 1200 500000
789 1200 1000 720000
790 1000 1200 500000
791 1200 1000 720000
792 1000 1200 500000
793 1200 1000 720000
794 1000 1200 500000
795 1200 1000 720000
796 1000 1200 500000
797 1200 1000 720000
798 1000 1200 500000
799 1200 1000 720000
800 1000 1200 500000
801 1200 1000 720000
802 1000 1200 500000
803 1200 1000 720000
804 1000 1200 500000
805 1200 1000 720000
806 1000 1200 500000
807 1200 1000 720000
808 1000 1200 500000
809 1200 1000 720000
810 1000 1200 500000
811 1200 1000 720000
812 1000 1200 500000
813 1200 1000 720000
814 1000 1200 500000
815 1200 1000 720000
816 1000 1200 500000
817 1200 1000 720000
818 1000 1200 500000
819 1200 1000 720000
820 1000 1200 500000
821 1200 1000 720000
822 1000 1200 500000
823 1200 1000 720000
824 1000 1200 500000
825 1200 1000 720000
826 1000 1200 500000
827 1200 1000 720000
828 1000 1200 500000
829 1200 1000 720000
830 1000 1200 500000
831 1200 1000 720000
832 1000 1200 500000
833 1200 1000 720000
834 1000 1200 500000
835 1200 1000 720000
836 1000 1200 500000
837 1200 1000 720000
838 1000 1200 500000
839 1200 1000 720000
840 1000 1200 500000
841 1200 1000 720000
842 1000 1200 500000
843 1200 1000 720000
844 1000 1200 500000
845 1200 1000 720000
846 1000 1200 500000
847 1200 1000 720000
848 1000 1200 500000
849 1200 1000 720000
850 1000 1200 500000
851 1200 1000 720000
852 1000 1200 500000
853 1200 1000 720000
854 1000 1200 500000
855 1200 1000 720000
856 1000 1200 500000
857 1200 1000 720000
858 1000 1200 500000
859 1200 1000 720000
860 1000 1200 500000
861 1200 1000 720000
862 1000 1200 500000
863 1200 1000 720000
864 1000 1200 500000
865 1200 1000 720000
866 1000 1200 500000
867 1200 1000 720000
868 1000 1200 500000
869 1200 1000 720000
870 1000 1200 500000
871 1200 1000 720000
872 1000 1200 500000
873 1200 1000 720000
874 1000 1200 500000
875 1200 1000 720000
876 1000 1200 500000
877 1200 1000 720000
878 1000 1200 500000
879 1200 1000 720000
880 1000 1200 500000
881 1200 1000 720000
882 1000 1200 500000
883 1200 1000 720000
884 1000 1200 500000
885 1200 1000 720000
886 1000 1200 500000
887 1200 1000 720000
888 1000 1200 500000
889 1200 1000 720000
890 1000 1200 500000
891 1200 1000 720000
892 1000 1200 500000
893 1200 1000 720000
894 1000 1200 500000
895 1200 1000 720000
896 1000 1200 500000
897 1200 1000 720000
898 1000 1200 500000
899 1200 1000 720000
900 1000 1200 500000
901 1200 1000 720000
902 1000 1200 500000
903 1200 1000 720000
904 1000 1200 500000
905 1200 1000 720000
906 1000 1200 500000
907 1200 1000 720000
908 1000 1200 500000
909 1200 1000 720000
910 1000 1200 500000
911 1200 1000 720000
912 1000 1200 500000
913 1200 1000 720000
914 1000 1200 500000
915 1200 1000 720000
916 1000 1200 500000
917 1200 1000 720000
918 1000 1200 500000
919 1200 1000 720000
920 1000 1200 500000
921 1200 1000 720000
922 1000 1200 500000
923 1200 1000 720000
924 1000 1200 500000
925 1200 1000 720000
926 1000 1200 500000
927 1200 1000 720000
928 1000 1200 500000
929 1200 1000 720000
930 1000 1200 500000
931 1200 1000 720000
932 1000 1200 500000
933 1200 1000 720000
934 1000 1200 500000
935 1200 1000 720000
936 1000 1200 500000
937 1200 1000 720000
938 1000 1200 500000
939 1200 1000 720000
940 1000 1200 500000
941 1200 1000 720000
942 1000 1200 500000
943 1200 1000 720000
944 1000 1200 500000
945 1200 1000 720000
946 1000 1200 500000
947 1200 1000 720000
948 1000 1200 500000
949 1200 1000 720000
950 1000 1200 500000
951 1200 1000 720000
952 1000 1200 500000
953 1200 1000 720000
954 1000 1200 500000
955 1200 1000 720000
956 1000 1200 500000
957 1200 1000 720000
958 1000 1200 500000
959 1200 1000 720000
960 1000 1200 500000
961 1200 1000 720000
962 1000 1200 500000
963 1200 1000 720000
964 1000 1200 500000
965 1200 1000 720000
966 1000 1200 500000
967 1200 1000 720000
968 1000 1200 500000
969 1200 1000 720000
970 1000 1200 500000
971 1200 1000 720000
972 1000 1200 500000
973 1200 1000 720000
974 1000 1200 500000
975 1200 1000 720000
976 1000 1200 500000
977 1200 1000 720000
978 1000 1200 500000
979 1200 1000 720000
980 1000 1200 500000
981 1200 1000 720000
982 1000 1200 500000
983 1200 1000 720000
984 1000 1200 500000
985 1200 1000 720000
986 1000 1200 500000
987 1200 1000 720000
988 1000 1200 500000
989 1200 1000 720000
990 1000 1200 500000
991 1200 1000 720000
992 1000 1200 500000
993 1200 1000 720000
994 1000 1200 500000
995 1200 1000 720000
996 1000 1200 500000
997 1200 1000 720000
998 1000 1200 500000
999 1200 1000 720000
609980
