0 1000 1000 600000
1 1000 1100 545454
2 1100 1210 545454
3 1210 1331 545454
4 1331 1464 545491
5 1464 1610 545590
6 1610 1771 545454
7 1771 1948 545482
8 1948 2142 545658
9 2142 2356 545500
10 2356 2591 545580
11 2591 2850 545473
12 2850 3135 545454
13 3135 3448 545533
14 3448 3792 545569
15 3792 4171 545480
16 4171 4588 545466
17 4588 5046 545541
18 5046 5550 545513
19 5550 6105 545454
20 6105 6715 545495
21 6715 7386 545491
22 7386 8124 545494
23 8124 8936 545478
24 8936 9829 545487
25 9829 10811 545499
26 10811 11892 545459
27 11892 13081 545462
28 13081 14389 545458
29 14389 15827 545485
30 15827 17409 545476
31 17409 19149 545480
32 19149 21063 545477
33 21063 23169 545461
34 23169 25485 545473
35 25485 28033 545464
36 28033 30836 545459
37 30836 33919 545464
38 33919 37310 545467
39 37310 41041 545454
40 41041 45145 545455
41 45145 49659 545460
42 49659 54624 545463
43 54624 60086 545458
44 60086 66094 545459
45 66094 72703 545457
46 72703 79973 545456
47 79973 87970 545456
48 87970 96767 545454
49 96767 106443 545458
50 106443 117087 545455
51 117087 128795 545457
52 128795 141674 545456
53 141674 155841 545455
54 155841 171425 545454
55 171425 188567 545455
56 188567 207423 545456
57 207423 228165 545455
58 228165 250981 545455
59 250981 276079 545454
60 276079 303686 545456
61 303686 334054 545455
62 334054 367459 545455
63 367459 404204 545455
64 404204 444624 545455
65 444624 489086 545454
66 489086 537994 545455
67 537994 591793 545454
68 591793 650972 545454
69 650972 716069 545454
70 716069 787675 545455
71 787675 866442 545454
72 866443 953086 545455
73 953086 1048394 545454
74 1048395 1153233 545455
75 1153233 1268556 545454
76 1268557 1395411 545455
77 1395411 1534952 545454
78 1534953 1688447 545454
79 1688449 1857291 545455
80 1857292 2043020 545454
81 2043023 2247322 545455
82 2247323 2472054 545454
83 2472057 2719259 545455
84 2719260 2991184 545454
85 2991188 3290302 545455
86 3290304 3619332 545454
87 3619338 3981265 545455
88 3981268 4379391 545455
89 4379391 4817330 545454
90 4817334 5299063 545454
91 5299072 5828969 545455
92 5828974 6411865 545455
93 6411866 7053051 545454
94 7053059 7758356 545455
95 7758358 8534191 545454
96 8534202 9387610 545455
97 9387614 10326371 545454
98 10326385 11359008 545455
99 11359014 12494908 545454
100 12494927 13744398 545455
101 13744408 15118837 545454
102 15118863 16630720 545455
103 16630735 18293792 545455
104 18293793 20123171 545454
105 20123192 22135488 545455
106 22135492 24349036 545454
107 24349065 26783939 545455
108 26783949 29462332 545454
109 29462373 32408565 545455
110 32408583 35649421 545454
111 35649476 39214363 545455
112 39214390 43135799 545454
113 43135872 47449378 545455
114 47449419 52194315 545455
115 52194317 57413746 545454
116 57413806 63155120 545455
117 63155133 69470632 545454
118 69470715 76417695 545455
119 76417722 84059464 545454
120 84059578 92465410 545455
121 92465458 101711951 545454
122 101712105 111883146 545455
123 111883222 123071460 545454
124 123071667 135378606 545455
125 135378720 148916466 545455
126 148916467 163808112 545454
127 163808277 180188923 545455
128 180188954 198207815 545454
129 198208047 218028596 545455
130 218028670 239831455 545454
131 239831776 263814600 545455
132 263814733 290196060 545454
133 290196496 319215666 545455
134 319215879 351137232 545454
135 351137818 386250955 545455
136 386251277 424876050 545455
137 424876050 467363655 545454
138 467364122 514100020 545455
139 514100105 565510022 545454
140 565510681 622061024 545455
141 622061230 684267126 545454
142 684268037 752693838 545455
143 752694213 827963221 545454
144 827964462 910759543 545455
145 910760149 1001835497 545454
146 1001837165 1102019046 545455
147 1102019963 1212220950 545454
148 1212223171 1333443045 545455
149 1333444376 1466787349 545455
150 1466787591 1613466083 545454
151 1613467963 1774812691 545455
152 1774813280 1952293960 545454
153 1952296560 2147523356 545455
154 2147524426 2362275691 545454
155 2362279230 2598503260 545455
156 2598504987 2858353586 545454
157 2858358344 3144188944 545455
158 3144191558 3458607838 545454
159 3458614172 3804468621 545455
160 3804472418 4184915483 545455
161 4184916172 4603407031 545454
162 4603412392 5063747734 545455
163 5063749411 5570122507 545454
164 5570129922 6127134757 545455
165 6127137808 6739848232 545454
166 6739858328 7413833055 545455
167 7413837982 8155216360 545454
168 8155229935 8970737996 545455
169 8970745452 9867811795 545454
170 9867829865 10854592974 545455
171 10854603805 11940052271 545455
172 11940054235 13134057498 545454
173 13134072792 14447463247 545455
174 14447468031 15892209571 545454
175 15892230726 17481430528 545455
176 17481439230 19229573580 545454
177 19229602382 21152530938 545455
178 21152544993 23267784031 545454
179 23267822760 25594562434 545455
180 25594583707 28154018677 545454
181 28154070231 30969420544 545455
182 30969451446 34066362598 545455
183 34066368201 37472998857 545454
184 37473042494 41220298742 545455
185 41220312393 45342328616 545454
186 45342388974 49876561477 545455
187 49876586307 54864217624 545454
188 54864299801 60350639386 545455
189 60350679488 66385703324 545454
190 66385813822 73024273656 545455
191 73024334350 80326701021 545454
192 80326848111 88359371123 545455
193 88359459289 97195308235 545455
194 97195324221 106914839058 545454
195 106914963558 117606322963 545455
196 117606361908 129366955259 545454
197 129367127465 142303650784 545455
198 142303721625 156534015862 545454
199 156534250321 172187417448 545455
200 172187531863 189406159192 545454
201 189406474455 208346775111 545455
202 208346948278 229181452622 545454
203 229181872287 252099597884 545455
204 252099849432 277309557672 545455
205 277309603283 305040513439 545454
206 305040868652 335544564782 545455
207 335544675896 369099021260 545454
208 369099512585 406008923386 545455
209 406009125502 446609815724 545454
210 446610484662 491270797296 545455
211 491271123735 540397877025 545454
212 540398776507 594437664727 545455
213 594438158792 653881431199 545454
214 653882628553 719269574318 545455
215 719270292016 791196531749 545455
216 791196661887 870316184923 545454
217 870317198392 957347803415 545455
218 957348120441 1053082583756 545454
219 1053083985569 1158390842131 545455
220 1158391418799 1274229926344 545454
221 1274231834910 1401652918978 545455
222 1401653850356 1541818210875 545454
223 1541820777212 1696000031962 545455
224 1696001441598 1865600035158 545454
225 1865603451361 2052160038673 545455
226 2052162086362 2257376042540 545455
227 2257376413851 2483113646794 545454
228 2483116538352 2731425011473 545455
229 2731425915998 3004567512620 545454
230 3004571512169 3305024263882 545455
231 3305025909197 3635526690270 545454
232 3635532135648 3999079359297 545455
233 3999082016644 4398987295226 545454
234 4398994617303 4838886024748 545455
235 4838890046624 5322774627222 545454
236 5322784374070 5855052089944 545455
237 5855057932262 6440557298938 545455
238 6440558358356 7084613028831 545454
239 7084621278812 7793074331714 545455
240 7793076912462 8572381764885 545454
241 8572393176101 9429619941373 545455
242 9429624635690 10372581935510 545454
243 10372597471856 11409840129061 545455
244 11409847710835 12550824141967 545454
245 12550845032763 13805906556163 545455
246 13805918031107 15186497211779 545454
247 15186525020742 16705146932956 545455
248 16705163601846 18375661626251 545455
249 18375664648976 20213227788876 545454
250 20213251327124 22234550567763 545455
251 22234557931038 24458005624539 545454
252 24458038182179 26903806186992 545455
253 26903819580547 29594186805691 545454
254 29594231132832 32553605486260 545455
255 32553627118092 35808966034886 545454
256 35809025638926 39389862638374 545455
257 39389895377905 43328848902211 545454
258 43328928244623 47661733792432 545455
259 47661781350934 52427907171675 545455
260 52427915796097 57670697888842 545454
261 57670765046471 63437767677726 545455
262 63437788686294 69781544445498 545454
263 69781637336560 76759698890047 545455
264 76759737103768 84435668779051 545454
265 84435795249940 92879235656956 545455
266 92879297375519 102167159222651 545454
267 102167329280400 112383875144916 545455
268 112383968555132 123622262659407 545454
269 123622489033134 135984488925347 545455
270 135984624615926 149582937817881 545455
271 149582962425049 164541231599669 545454
272 164541423208977 180995354759635 545455
273 180995414700362 199094890235598 545454
274 199095155265553 219004379259157 545455
275 219004488288368 240904817185072 545454
276 240905178022382 264995298903579 545455
277 264995474995057 291494828793936 545454
278 291495313989876 320644311673329 545455
279 320644578185048 352708742840661 545454
280 352709388712941 387979617124727 545455
281 387980004267564 426777578837199 545455
282 426777649046279 469455336720918 545454
283 469455883406790 516400870393009 545455
284 516401041413267 568040957432309 545454
285 568041713596307 624845053175539 545455
286 624845364251467 687329558493092 545454
287 687330588007201 756062514342401 545455
288 756063016755407 831668765776641 545454
289 831670150101097 914835642354305 545455
290 914836402747537 1006319206589735 545454
291 1006321049343340 1106951127248708 545455
292 1106952231817480 1217646239973578 545455
293 1217646440293861 1339410863970935 545454
294 1339412423735670 1473351950368028 545455
295 1473352438315538 1620687145404830 545454
296 1620689302836394 1782755859945313 545455
297 1782756747489410 1961031445939844 545454
298 1961034383272734 2157134590533828 545455
299 2157136023986654 2372848049587210 545454
300 2372851999237318 2610132854545931 545455
301 2610135024048529 2871146140000524 545454
302 2871151397604779 3158260754000576 545455
303 3158263905478669 3474086829400633 545455
304 3474087400953701 3821495512340696 545454
305 3821499962549033 4203645063574765 545455
306 4203646455765223 4624009569932241 545454
307 4624015725357470 5086410526925465 545455
308 5086413059215667 5595051579618011 545454
309 5595059960197193 6154556737579812 545455
310 6154560827416222 6770012411337793 545454
311 6770023680181524 7447013652471572 545455
312 7447019842349807 8191715017718729 545454
313 8191730018314806 9010886519490601 545455
314 9010895511066694 9911975171439661 545455
315 9911976802192694 10903172688583627 545454
316 10903185385597348 11993489957441989 545455
317 11993493929578808 13192838953186187 545454
318 13192856515393204 14512122848504805 545455
319 14512130073490796 15963335133355285 545454
320 15963359044198919 17559668646690813 545455
321 17559680315551881 19315635511359894 545454
322 19315667662774731 21247199062495883 545455
323 21247216723038268 23371918968745471 545454
324 23371961767303862 25709110865620018 545455
325 25709136519753815 28280021952182019 545455
326 28280026605040358 31108024147400220 545454
327 31108060373604767 34218826562140242 545455
328 34218837895266997 37640709218354266 545454
329 37640759325553022 41404780140189692 545455
330 41404800754107695 45545258154208661 545454
331 45545326374844839 50099783969629527 545455
332 50099817262481604 55109762366592479 545454
333 55109854098583862 60620738603251726 545455
334 60620788991118088 66682812463576898 545454
335 66682934573164469 73351093709934587 545455
336 73351166904508495 80686203080928045 545455
337 80686216356445714 88754823389020849 545454
338 88754926747017032 97630305727922933 545455
339 97630338063103682 107393336300715226 545454
340 107393479262893313 118132669930786748 545455
341 118132728745242023 129945936923865422 545454
342 129946131565897791 142940530616251964 545455
343 142940625605299565 157234583677877160 545454
344 157234845400674922 172958042045664876 545455
345 172958185808920906 190253846250231363 545454
346 190254194644007640 209279230875254499 545455
347 209279439708875313 230207153962779948 545455
348 230207191840436310 253227869359057942 545454
349 253228164252644193 278550656294963736 545455
350 278550748552284818 306405721924460109 545454
351 306406129813643113 337046294116906119 545455
352 337046461922955821 370750923528596730 545454
353 370751478866730269 407826015881456403 545455
354 407826286898164214 448608617469602043 545454
355 448609364197344832 493469479216562247 545455
356 493469889392171488 542816427138218471 545454
357 542817421148809785 597098069852040318 545455
358 597098665681469362 656807876837244349 545455
359 656807984909628873 722488664520968783 545454
360 722489505890097650 794737530973065661 545455
361 794737794197612250 874211284070372227 545454
362 874212447829821304 961632412477409449 545455
363 961632891252060724 1057795653725150393 545454
364 1057797238174504970 1163575219097665432 545455
365 1163575992345295179 1279932741007431975 545454
366 1279934871514696211 1407926015108175172 545455
367 1407927185393511337 1548718616618992689 545454
368 1548721452654315125 1703590478280891957 545455
369 1703592178259598087 1873949526108981152 545455
370 1873949834460695845 2061344478719879267 545454
371 2061346879253644683 2267478926591867193 545455
372 2267479677612611140 2494226819251053912 545454
373 2494230139604011858 2743649501176159303 545455
374 2743650867188690386 3018014451293775233 545454
375 3018018971926531351 3319815896423152756 545455
376 3319818102604098982 3651797486065468031 545454
377 3651803564668073548 4016977234672014834 545455
378 4016980573651069526 4418674958139216317 545454
379 4418683049699226177 4860542453953137948 545455
380 4860547304213061950 5346596699348451742 545455
381 5346597579136385531 5881256369283296916 545454
382 5881263218313242397 6469382006211626607 545455
383 6469384148991109144 7116320206832789267 545454
384 7116329680219900278 7827952227516068193 545455
385 7827956124945119518 8610747450267675012 545454
386 8610760348199979669 9471822195294442513 545455
387 9471828489829569444 10419004414823886764 545454
388 10419021757834284222 11460904856306275440 545455
389 11460914382855726931 12606995341936902984 545454
390 12607018428159727783 13867694876130593282 545455
391 13867708714551771768 15254464363743652610 545455
392 15254466873951220652 16779910800118017871 545454
393 16779930341276683993 18457901880129819658 545455
394 18457907993814357547 20303692068142801623 545454
395 20303719096914890216 22334061274957081785 545455
396 22334072394879383504 24567467402452789963 545454
397 24567504201871523725 27024214142698068959 545455
398 27024232101865257876 29726635556967875854 545454
399 29726685038736822400 32699299112664663439 545455
400 32699326293171926996 35969229023931129782 545454
401 35969294891784011479 39566151926324242760 545455
402 39566191409136238346 43522767118956667036 545455
403 43522774281071294621 47875043830852333739 545454
404 47875099584278008361 52662548213937567112 545455
405 52662565657234428168 57928803035331323823 545454
406 57928880151838022822 63721683338864456205 545455
407 63721715065592603777 70093851672750901825 545454
408 70093956666108530263 77103236840025992007 545455
409 77103288079979316639 84813560524028591207 545454
410 84813701701678949981 93294916576431450327 545455
411 93294994126018406630 102624408234074595359 545454
412 102624596163216410509 112886849057482054894 545455
413 112886961707069962334 124175533963230260383 545455
414 124175554398148293443 136593087359553286421 545454
415 136593246431209553996 150252396095508615063 545455
416 150252445863958956096 165277635705059476569 545454
417 165277855728210579916 181805399275565424225 545455
418 181805489796456807526 199985939203121966647 545454
419 199986238762341250619 219984533123434163311 545455
420 219984679318009277339 241982986435777579642 545454
421 241983389233199438272 266181285079355337606 545455
422 266181506338597433268 292799413587290871366 545454
423 292799949772406949001 322079354946019958502 545455
424 322079676349917352303 354287290440621954352 545455
425 354287348745451799656 389716019484684149787 545454
426 389716473336470316091 428687621433152564765 545455
427 428687763430314489104 471556383576467821241 545454
428 471557011330357268371 518712021934114603365 545455
429 518712280203159492575 570583224127526063701 545454
430 570584078807554249386 627641546540278670071 545455
431 627641963653339963207 690405701194306537078 545454
432 690406850425524385052 759446271313737190785 545455
433 759446902595657993842 835390898445110909863 545454
434 835392428247652040878 918929988289622000849 545455
435 918930905296662831080 1010822987118584200933 545455
436 1010823153473701219436 1111905285830442621026 545454
437 1111906580727652069031 1223095814413486883128 545455
438 1223096219553567647961 1345405395854835571440 545454
439 1345407186916111328868 1479945935440319128584 545455
440 1479946672318828862730 1627940528984351041442 545454
441 1627942967493679242682 1790734581882786145586 545455
442 1790735771963237197585 1969808040071064760144 545454
443 1969811318970879888223 2166788844078171236158 545455
444 2166790645209096869464 2383467728485988359773 545454
445 2383472093202099758510 2621814501334587195750 545455
446 2621817117674711672101 2883995951468045915325 545455
447 2883996426111827746121 3172395546614850506857 545454
448 3172399241122251642984 3489635101276335557542 545455
449 3489636257204262470397 3838598611403969113296 545454
450 3838603721528410245846 4222458472544366024625 545455
451 4222460574964105467009 4644704319798802627087 545454
452 4644711277171793185503 5109174751778682889795 545455
453 5109178147240516470289 5620092226956551178774 545454
454 5620101582066150183468 6182101449652206296651 545455
455 6182106588517274770752 6800311594617426926316 545454
456 6800324047693049940877 7480342754079169618947 545455
457 7480350218837172570654 8228377029487086580841 545455
458 8228378383738903378633 9051214732435795238925 545454
459 9051225273338067054563 9956336205679374762817 545455
460 9956339503722287324779 10951969826247312239098 545454
461 10951984406078922136179 12047166808872043463007 545455
462 12047172807376141536345 13251883489759247809307 545454
463 13251903340017095707075 14577071838735172590237 545455
464 14577081526450866568727 16034779022608689849260 545454
465 16034805713901667127266 17638256924869558834186 545455
466 17638271586732178229844 19402082617356514717604 545454
467 19402118147523543576371 21342290879092166189364 545455
468 21342312177015750420882 23476519967001382808300 545455
469 23476523830947466340081 25824171963701521089130 545454
470 25824202038244251218340 28406589160071673198043 545455
471 28406598569903201420839 31247248076078840517847 545454
472 31247289674183195746118 34371972883686724569631 545455
473 34371989998276516756965 37809170172055397026594 545454
474 37809226807330975763637 41590087189260936729253 545455
475 41590114829635048644126 45749095908187030402178 545454
476 45749172061770615279153 50324005499005733442395 545455
477 50324047331241567439095 55356406048906306786634 545454
478 55356507420873145056149 60892046653796937465297 545455
479 60892107419537609947088 66981251319176631211826 545455
480 66981262343772751131170 73679376451094294333008 545454
481 73679462257612283856570 81047314096203723766308 545455
482 81047340943922725639955 89152045505824096142938 545454
483 89152164190479188683139 98067250056406505757231 545455
484 98067298886778035236423 107873975062047156332954 545454
485 107874136649592488352553 118661372568251871966249 545455
486 118661451430008878847075 130527509825077059162873 545454
487 130527727100736867468649 143580260807584765079160 545455
488 143580380160493753804052 157938286888343241587076 545454
489 157938576115119244303701 173732115577177565745783 545455
490 173732288949723710630978 191105327134895322320361 545455
491 191105358590230589835250 210215859848384854552397 545454
492 210216104665358314177089 231237445833223340007636 545455
493 231237522433958783962477 254361190416545674008399 545454
494 254361529038883701242425 279797309458200241409238 545455
495 279797448778231422840481 307777040404020265550161 545454
496 307777501433555998680527 338554744444422292105177 545455
497 338554969447770392073252 372410218888864521315694 545454
498 372410838803386234666811 409651240777750973447263 545455
499 409651581307407101960907 450616364855526070791989 545454
500 450617190055337867494865 495678001341078677871187 545455
501 495678495995458324695747 545245801475186545658305 545455
502 545245891223428137641873 599770381622705200224135 545454
503 599771080116851068257128 659747419784975720246548 545455
504 659747638338837559384874 725722161763473292271202 545454
505 725723127895849211172572 798294377939820621498322 545455
506 798294775439787932466552 878123815733802683648154 545454
507 878125131108897834611041 965936197307182952012969 545455
508 965936839272421557720846 1062529817037901247214265 545454
509 1062531585731249444742375 1168782798741691371935691 545455
510 1168783770317899124300675 1285661078615860509129260 545454
511 1285663433013122049852792 1414227186477446560042186 545455
512 1414228597790602762669102 1555649905125191216046404 545455
513 1555650161194528710162087 1711214895637710337651044 545454
514 1711216888530870112048407 1882336385201481371416148 545455
515 1882337008769783148433957 2070570023721629508557762 545454
516 2070572780219541682819035 2277627026093792459413538 545455
517 2277628160218029002743436 2505389728703171705354891 545454
518 2505393481633313536331315 2755928701573488875890380 545455
519 2755930533187867233408418 3031521571730837763479418 545454
520 3031526618033271990021249 3334673728903921539827359 545455
521 3334676500939515072760813 3668141101794313693810094 545454
522 3668147819181285761322655 4034955211973745063191103 545455
523 4034959238633382142969801 4438450733171119569510213 545455
524 4438451463787167201294113 4882295806488231526461234 545454
525 4882301492467376388799913 5370525387137054679107357 545455
526 5370527166274808798672572 5907577925850760147018092 545454
527 5907585790488080166619995 6498335718435836161719901 545455
528 6498338954254426304593407 7148169290279419777891891 545454
529 7148179997859866794919542 7862986219307361755681080 545455
530 7862991445152982513592734 8649284841238097931249188 545454
531 8649299238967519732471739 9514213325361907724374106 545455
532 9514221234346576416905232 10465634657898098496811516 545454
533 10465653823435057493653248 11512198123687908346492667 545455
534 11512209612270553017557724 12663417936056699181141933 545455
535 12663420020647591112987568 13929759729662369099256126 545454
536 13929775952488302712589037 15322735702628606009181738 545455
537 15322740778786483995111278 16855009272891466610099911 545454
538 16855031711696844091466497 18540510200180613271109902 545455
539 18540519432433668139223030 20394561220198674598220892 545454
540 20394591770268805221950554 22434017342218542058042981 545455
541 22434032252268808853471564 24677419076440396263847279 545454
542 24677460154955844694663415 27145160984084435890232006 545455
543 27145183549465137943181470 29859677082492879479255206 545454
544 29859731764143415880915497 32845644790742167427180726 545455
545 32845677569159783169187739 36130209269816384169898798 545455
546 36130215217563080183539693 39743230196798022586888677 545454
547 39743276482595870797764460 43717553216477824845577544 545455
548 43717567699549041586672917 48089308538125607330135298 545454
549 48089372558876504621844830 52898239391938168063148827 545455
550 52898265732876044353992351 58188063331131984869463709 545454
551 58188150494314143103534689 64006869664245183356410079 545455
552 64006912204652053537176876 70407556630669701692051086 545454
553 70407673832791091681986245 77448312293736671861256194 545455
554 77448376675756304386597880 85193143523110339047381813 545454
555 85193299536631471456729124 93712457875421372952119994 545455
556 93712551396501788184245216 103083703662963510247331993 545455
557 103083720633051439459803521 113392074029259861272065192 545454
558 113392206088562671968455841 124731281432185847399271711 545455
559 124731322754649976956987294 137204409575404432139198882 545454
560 137204592234707209359895383 150924850532944875353118770 545455
561 150924925687406524123781484 166017335586239362888430647 545454
562 166017584273731450267609900 182619069144863299177273711 545455
563 182619190518445829922845954 200880976059349629095001082 545454
564 200881310451600864515995065 220969073665284592004501190 545455
565 220969257355713154539965788 243065981031813051204951309 545454
566 243066426157710627704590071 267372579134994356325446439 545455
567 267372845962776721494447832 294109837048493791957991082 545455
568 294109885467483170741250330 323520820753343171153790190 545454
569 323521197535429023244398607 355872902828677488269169209 545455
570 355873020728121318801072800 391460193111545237096086129 545454
571 391460714261647712328892408 430606212422699760805694741 545455
572 430606426849123442625579460 473666833664969736886264215 545454
573 473667543201578988467125873 521033517031466710574890636 545455
574 521033863326850781604853789 573136868734613381632379699 545454
575 573137822797358657123996291 630450555608074719795617668 545455
576 630451079701194771840752719 693495611168882191775179434 545454
577 693496881168195417220245211 762845172285770410952697377 545455
578 762845933580070308883678995 839129689514347452047967114 545455
579 839129827663220953754585432 923042658465782197252763825 545454
580 923043733473276522406566381 1015346924312360416978040207 545455
581 1015347260697886926408117679 1116881616743596458675844227 545454
582 1116883103650779269828199275 1228569778417956104543428649 545455
583 1228570390207198690812110192 1351426756259751714997771513 545454
584 1351428780656699216592537803 1486569431885726886497548664 545455
585 1486570419913685876846894210 1635226375074299575147303530 545454
586 1635229097134151598683182314 1798749012581729532662033883 545455
587 1798750507888810184543013426 1978623913839902485928237271 545454
588 1978627537305228508225822994 2176486305223892734521060998 545455
589 2176488477295353612920394526 2394134935746282007973167097 545455
590 2394135329912114047450727769 2633548429320910208770483806 545454
591 2633551496454821907017707563 2896903272253001229647532186 545455
592 2896904232013444086516072889 3186593599478301352612285404 545454
593 3186597841812630307797987975 3505252959426131487873513944 545455
594 3505254704948305881656218725 3855778255368744636660865338 545454
595 3855784031227167696989537587 4241356080905619100326951871 545455
596 4241358899884134563243021976 4665491688996181010359647058 545454
597 4665499455372003391570715744 5132040857895799111395611763 545455
598 5132045124204933559949820693 5645244943685379022535172939 545454
599 5645255281880708796653599415 6209769438053916924788690232 545455
600 6209775635255750296527045583 6830746381859308617267559255 545455
601 6830747506491736583065930919 7513821020045239478994315180 545454
602 7513829770970681212053736064 8265203122049763426893746698 545455
603 8265205860396199003093273759 9091723434254739769583121367 545454
604 9091735538171357074759675894 10000895777680213746541433503 545455
605 10000900757904527861795758653 11000985355448235121195576853 545454
606 11001001834696815344790679308 12101083890993058633315134538 545455
607 12101091933923218609920905638 13311192280092364496646647991 545454
608 13311214438529979000891997093 14642311508101600946311312790 545455
609 14642323680446576528834089440 16106542658911761040942444069 545454
610 16106572155063389245106743490 17717196924802937145036688475 545455
611 17717214606224222982764932201 19488916617283230859540357322 545455
612 19488919826080123547605135750 21437808279011553945494393054 545454
613 21437833246521382423748073073 23581589106912709340043832359 545455
614 23581596919842754130494438301 25939748017603980274048215594 545454
615 25939782551609581153125035256 28533722819364378301453037153 545455
616 28533737028656348721480270881 31387095101300816131598340868 545454
617 31387142118664102257730555699 34525804611430897744758174954 545455
618 34525827559007546643881408034 37978385072573987519233992449 545454
619 37978448293356594664864213701 41776223579831386271157391693 545455
620 41776258309143663178297986489 45953845937814524898273130862 545454
621 45953930093988123484251269389 50549230531595977388100443948 545455
622 50549280978986120010909720569 55604153584755575126910488342 545455
623 55604162740082448609960184325 61164568943231132639601537176 545454
624 61164640178730872201828404585 67281025837554245903561690893 545455
625 67281048129063851868801354375 74009128421309670493917859982 545454
626 74009226951197188252869742682 81410041263440637543309645980 545455
627 81410081804582069926431778257 89551045389784701297640610578 545454
628 89551179536219813138888094970 98506149928763171427404671635 545455
629 98506215401328960011976894486 108356764921639488570145138798 545454
630 108356945298407154420329004263 119192441413803437427159652677 545455
631 119192540501130785586707249099 131111685555183781169875617944 545454
632 131111925663169527314905288914 144222854110702159286863179738 545455
633 144222998043654777000748317181 158645139521772375215549497711 545455
634 158645165643715551604530145123 174509653473949612737104447482 545454
635 174509856717943824708807868443 191960618821344574010814892230 545455
636 191960682422502855093976076973 211156680703479031411896381453 545454
637 211156961821714962318336003006 232272348773826934553086019598 545455
638 232272464443499422300651019430 255499583651209628008394621557 545454
639 255499966387815752346468467841 281049542016330590809234083712 545455
640 281049728818489978839466281736 309154496217963649890157492083 545454
641 309155010855349832073244983154 340069945839760014879173241291 545455
642 340070228549027691090826905780 374076940423736016367090565420 545454
643 374077625481555941755851352209 411484634466109618003799621962 545455
644 411485045125507264675382591277 452633097912720579804179584158 545455
645 452633172443747621353236389374 497896407703992637784597542573 545454
646 497896987585109968598528626840 547686048474391901563057296830 545455
647 547686229938429350100589739032 602454653321831091719363026513 545454
648 602455455387727672838321551256 662700118654014200891299329164 545455
649 662700448676126543350034248019 728970130519415620980429262080 545454
650 728971222514961712646750319571 801867143571357183078472188288 545455
651 801867676543394097749677226797 882053857928492901386319407116 545454
652 882055326253059760584405533882 970259243721342191524951347827 545455
653 970260050328323796373015776423 1067285168093476410677446482609 545454
654 1067287122648278824289141643206 1174013684902824051745191130869 545455
655 1174014856567392900557305343105 1291415053393106456919710243955 545455
656 1291415266044743819993185883093 1420556558732417102611681268350 545454
657 1420558213207431409423913895316 1562612214605658812872849395185 545455
658 1562612732350897591284979214031 1718873436066224694160134334703 545454
659 1718875724461711812125289260723 1890760779672847163576147768173 545455
660 1890761721273115265741763401992 2079836857640131879933762544990 545454
661 2079839973240400032715972458163 2287820543404145067927138799489 545455
662 2287822064046053330943127251373 2516602597744559574719852679437 545454
663 2516606787057445721483161459671 2768262857519015532191837947380 545455
664 2768265158875557897333229827946 3045089143270917085411021742118 545454
665 3045094719857833544900097710838 3349598057598008793952123916329 545455
666 3349601400509116475126378209939 3684557863357809673347336307961 545455
667 3684558470094636377108701773681 4053013649693590640682069938757 545454
668 4053018370122470137289709240758 4458315014662949704750276932632 545455
669 4458316491870973925207075825603 4904146516129244675225304625895 545454
670 4904153045211116528844312252475 5394561167742169142747835088484 545455
671 5394563854262349629770718668790 5934017284516386057022618597332 545454
672 5934026173714758307506098041767 6527419012968024662724880457065 545455
673 6527423351566774499277958447644 7180160914264827128997368502771 545454
674 7180172866896318845524599817008 7898177005691309841897105353048 545455
675 7898183571766307591487400225875 8687994706260440826086815888352 545454
676 8688010616953555304191444439906 9556794176886484908695497477187 545455
677 9556803714645815296431175191250 10512473594575133399565047224905 545455
678 10512475325714292064164239240175 11563720954032646739521551947395 545454
679 11563734422020143290723953888146 12720093049435911413473707142134 545455
680 12720097264141104168876208546786 13992102354379502554821077856347 545454
681 13992120982676197261961091362555 15391312589817452810303185641981 545455
682 15391320254843604618486685093239 16930443848799198091333504206179 545454
683 16930469210797175877511231113794 18623488233679117900466854626796 545455
684 18623500612293049887720781124522 20485837057047029690513540089475 545454
685 20485871159393514270007129244103 22534420762751732659564894098422 545455
686 22534439496633285169270201110012 24787862839026905925521383508264 545454
687 24787908234204847891045112266125 27266649122929596518073521859090 545455
688 27266676335395053184271969932762 29993314035222556169880874044999 545455
689 29993318974502079750966041121003 32992645438744811786868961449498 545454
690 32992683864636152362215007448110 36291909982619292965555857594447 545455
691 36291922007831427738913392431760 39921100980881222262111443353891 545454
692 39921154129768700281505013179949 43913211078969344488322587689280 545455
693 43913232948384779989005523660007 48304532186866278937154846458208 545454
694 48304604547827805815711891737899 53134985405552906830870331104028 545455
695 53135020723426650208407907238432 58448483946108197513957364214430 545454
696 58448581244350559579808277770552 64293332340719017265353100635873 545455
697 64293385790964123067686549142149 70722665574790918991888410699460 545454
698 70722795092855628230083434139798 77794932132270010891077251769406 545455
699 77795009772966380247774904408024 85574425345497011980184976946346 545455
700 85574439438230153080758160883692 94131867880046713178203474640980 545454
701 94131977514030682419516396488457 103545054668051384496023822105078 545455
702 103545088977859602445132665193415 113899560134856522945626204315585 545454
703 113899711775357338046983978696735 125289516148342175240188824747143 545455
704 125289578544910951092556466102686 137818467763176392764207707221857 545454
705 137818674218076264278076390789345 151600314539494032040628477944042 545455
706 151600415306204468868826639179413 166760345993443435244691325738446 545454
707 166760623597448513204222507319861 183436380592787778769160458312290 545455
708 183436533093415786678155859588630 201780018652066556646076504143519 545454
709 201780388183145548491519937067430 221958020517273212310684154557870 545455
710 221958242036258406458666548552049 244153822569000533541752570013657 545455
711 244153862778331931827923346804464 268569204825900586895927827015022 545454
712 268569517625682750693466374951285 295426125308490645585520609716524 545455
713 295426223199731692653069134888801 324968737839339710144072670688176 545454
714 324969170488875350793726842104523 357465611623273681158479937756993 545455
715 357465789649604844535729079874075 393212172785601049274327931532692 545454
716 393212761827327156316458304319786 432533390064161154201760724685961 545455
717 432533677565328567507631211725754 475786729070577269621936797154557 545454
718 475787521109382533640927973826303 523365401977634996584130476870012 545455
719 523365837082123218569005297037852 575701942175398496242543524557013 545454
720 575702996493332033757939584681221 633272136392938345866797877012714 545455
721 633272768415358224335213263804956 696599350032232180453477664713985 545455
722 696599464757340082318665991297125 766259285035455398498825431185383 545454
723 766260177493251583802116392543230 842885213539000938348707974303921 545455
724 842885492837999377182847046091681 927173734892901032183578771734313 545454
725 927174969296768611669743420444269 1019891108382191135401936648907744 545455
726 1019891616316765208865710374396717 1121880219220410248942130313798518 545454
727 1121881899830341560093841505677894 1234068241142451273836343345178369 545455
728 1234069061422491197360561189111359 1357475065256696401219977679696205 545454
729 1357477325042065359161976469998964 1493222571782366041341975447665825 545455
730 1493223813193094234166312311738600 1642544828960602645476172992432407 545454
731 1642547837060240717823661366573826 1806799311856662910023790291675647 545455
732 1806801115098668874048632462704156 1987479243042329201026169320843211 545455
733 1987479570375560448486455303595151 2186227167346562121128786252927532 545454
734 2186229713642830136165236999191665 2404849884081218333241664878220285 545455
735 2404850680964879012382583713624403 2645334872489340166565831366042313 545454
736 2645338394399761313382155467142310 2909868359738274183222414502646544 545455
737 2909869808948229987862047795483378 3200855195712101601544655952911198 545454
738 3200859990703043689691942266973982 3520940715283311761699121548202317 545455
739 3520943055654135013548625203150377 3873034786811642937869033703022548 545454
740 3873041234260782775686263409728824 4260338265492807231655937073324802 545455
741 4260341807402021551570263442148837 4686372092042087954821530780657282 545454
742 4686380674522898229625519411883132 5155009301246296750303683858723010 545455
743 5155014446129816277741173235427082 5670510231370926425334052244595311 545455
744 5670511165316826808159617092622213 6237561254508019067867457469054842 545454
745 6237568519417028906004484806369240 6861317379958820974654203215960326 545455
746 6861319653592353802976764139702714 7547449117954703072119623537556358 545454
747 7547459166410755594030034583707569 8302194029750173379331585891311993 545455
748 8302198164553360692299127792805165 9132413432725190717264744480443192 545454
749 9132427113435810197339237911323592 10045654775997709788991218928487511 545455
750 10045661453394846721367560562822148 11050220253597480767890340821336262 545454
751 11050238648972980366484683103787466 12155242278957228844679374903469888 545455
752 12155252384493291325390380255515999 13370766506852951729147312393816876 545454
753 13370790993733614191543609824677423 14707843157538246902062043633198563 545455
754 14707857836558778478382572155001702 16178627473292071592268247996518419 545455
755 16178630138022874640491962293866627 17796490220621278751495072796170260 545454
756 17796510948336110440651599174852464 19576139242683406626644580075787286 545455
757 19576145729714946722261157208040037 21533753166951747289309038083366014 545454
758 21533781836468277862765135693979734 23687128483646922018239941891702615 545455
759 23687140280831538289426408074704311 26055841332011614220063936080872876 545454
760 26055880364795056913425962308137050 28661425465212775642070329688960163 545455
761 28661444516737465323547455582737769 31527568011734053206277362657856179 545454
762 31527620496031707887610088751100297 34680324812907458526905098923641796 545455
763 34680353645340174226225909104619406 38148357294198204379595608816005975 545454
764 38148427158301349950198450213531560 41963193023618024817555169697606572 545455
765 41963234904769064304331374958738917 46159512325979827299310686667367229 545455
766 46159519928979363251961802486444069 50775463558577810029241755334103951 545454
767 50775522697399996977154959890048365 55853009914435591032165930867514346 545455
768 55853028422949644216833608517712770 61438310905879150135382523954265780 545454
769 61438392703637312275829245198729245 67582141996467065148920776349692358 545455
770 67582175655521330568970028910244744 74340356196113771663812853984661593 545454
771 74340467561541025166892198693467911 81774391815725148830194139383127752 545455
772 81774446172323317414150240104281281 89951830997297663713213553321440527 545454
773 89951980741536390691955956070665479 98947014097027430084534908653584579 545455
774 98947096359776396614154373215754347 108841715506730173092988399518943036 545454
775 108841914837668873944443754981084762 119725887057403190402287239470837339 545455
776 119726006549763636535857683931123295 131698475763143509442515963417921072 545455
777 131698497455992120196009955649272583 144868323339457860386767559759713179 545454
778 144868492070083402299013250227450068 159355155673403646425444315735684496 545455
779 159355208481084674958352109956770110 175290671240744011067988747309252945 545454
780 175290904620097762551949872902320023 192819738364818412174787622040178239 545455
781 192819834398912206380306209937377077 212101712201300253392266384244196062 545454
782 212102029940833367851704682635797420 233311883421430278731493022668615668 545455
783 233312038508217947788585327078271263 256643071763573306604642324935477234 545454
784 256643499002538745106188965975064364 282307378939930637265106557429024957 545455
785 282307613646447914243545992950910007 310538116833923700991617213171927452 545454
786 310538685549778255446156038402039409 341591928517316071090778934489120197 545455
787 341592269444531543881151741282458947 375751121369047678199856827938032216 545455
788 375751183262998645770395440081171440 413326233505952446019842510731835437 545454
789 413326714916013426360861344950633534 454658856856547690621826761805018980 545455
790 454659007525108498073199085113125959 500124742542202459684009437985520878 545454
791 500125408403027750908269901894340449 550137216796422705652410381784072965 545455
792 550137490795421529814488713343180041 605150938476064976217651419962480261 545454
793 605151845026808709604647189324687369 665666032323671473839416561958728287 545455
794 665666474807427241042411039581289788 732232635556038621223358218154601115 545454
795 732233854522024487171139314678733445 805455899111642483345694039970061226 545455
796 805456568760419635538556964015803442 886001489022806731680263443967067348 545454
797 886003111639573238665651326068709854 974601637925087404848289788363774082 545455
798 974602610634688366958577326527808732 1072061801717596145333118767200151490 545455
799 1072061978313175276008371718870823879 1179267981889355759866430643920166639 545454
800 1179269355413848217457426348184254451 1297194780078291335853073708312183302 545455
801 1297195209959224739849219108653422684 1426914258086120469438381079143401632 545454
802 1426916157871305085139226158744923697 1569605683894732516382219187057741795 545455
803 1569606465653047549446857568904775312 1726566252284205768020441105763515974 545454
804 1726568838787191091582634908430161273 1899222877512626344822485216339867571 545455
805 1899224139979126884801827731083401497 2089145165263888979304733737973854328 545454
806 2089148643125682698964709468901210547 2298059681790277877235207111771239760 545455
807 2298061592386923979757863950904705847 2527865649969305664958727822948363736 545454
808 2527870279495895873629523975519151950 2780652214966236231454600605243200109 545455
809 2780654990232993600164476236007537138 3058717436462859854600060665767520119 545455
810 3058717940324676022950904733854345973 3364589180109145840060066732344272130 545454
811 3364593098950242575488570695810476380 3701048098120060424066073405578699343 545455
812 3701049324637496301790509606633518490 4071152907932066466472680746136569277 545454
813 4071158328259574191543752111048981387 4478268198725273113119948820750226204 545455
814 4478270429193507282775391675994149530 4926095018597800424431943702825248824 545454
815 4926102398215256226309157152750717233 5418704520457580466875138073107773706 545455
816 5418708122446679810040231167833149095 5960574972503338513562651880418551076 545454
817 5960584895276243067287321571938035942 6556632469753672364918917068460406183 545455
818 6556637920938933258238338530516397439 7212295716729039601410808775306446801 545454
819 7212308925341751925814098197666234849 7933525288401943561551889652837091481 545455
820 7933533206598254953183047031560332033 8726877817242137917707078618120800629 545455
821 8726879254858701399583518748450741527 9599565598966351709477786479932880691 545454
822 9599576779921351460893331516627332307 10559522158862986880425565127926168760 545455
823 10559525658308771349673206607284559467 11615474374749285568468121640718785636 545454
824 11615489839629488114128641396654412068 12777021812224214125314933804790664199 545455
825 12777028176068956868077448805112515681 14054723993446635537846427185269730618 545454
826 14054745048420900975786169471793239042 15460196392791299091631069903796703679 545455
827 15460206669757432942170667943415943432 17006216032070429000794176894176374046 545454
828 17006244342977519213906948644706182481 18706837635277471900873594583594011450 545455
829 18706853188230947609507968919202701393 20577521398805219090960954041953412595 545454
830 20577559084613126983585749396872368404 22635273538685741000057049446148753854 545455
831 22635296130327664408890650261017721062 24898800892554315100062754390763629239 545455
832 24898804994356268886222310101861074950 27388680981809746610069029829839992162 545454
833 27388712882504778279622820734867917312 30127549079990721271075932812823991378 545455
834 30127559064456035727555329845579837726 33140303987989793398183526094106390515 545454
835 33140348111249750550061412891550713049 36454334386788772738001878703517029566 545455
836 36454352543747605815396041350671325461 40099767825467650011802066573868732522 545454
837 40099827897950264347199992685731143738 44109744608014415012982273231255605774 545455
838 44109773929600349448295451708094501366 48520719068815856514280500554381166351 545454
839 48520799843360227753352750231654183156 53372790975697442165708550609819282986 545455
840 53372835350333458584139205138815319125 58710070073267186382279405670801211284 545454
841 58710177595544399986953112605809456846 64581077080593905020507346237881332412 545455
842 64581141537480892084905019778873920135 71039184788653295522558080861669465653 545455
843 71039196491898571377919373490616736634 78143103267518625074813888947836412218 545454
844 78143194284282712798424109263787674085 85957413594270487582295277842620053439 545455
845 85957442081509249487225280835765745022 94553154953697536340524805626882058782 545454
846 94553280842941017376965185884528204052 104008470449067289974577286189570264660 545455
847 104008522253466574559182905153893396212 114409317493974018972035014808527291126 545454
848 114409488888302120317221512890795626628 125850249243371420869238516289380020238 545455
849 125850332901854914136515217083860952740 138435274167708562956162367918318022261 545454
850 138435504627545033095199833992081040095 152278801584479419251778604710149824487 545455
851 152278928191192710410794475062559925304 167506681742927361176956465181164806935 545454
852 167506988517300498752372674941490859325 184257349917220097294652111699281287628 545455
853 184257533821085697722861840050773236279 202683084908942107024117322869209416390 545455
854 202683118300595683665411636212820382556 222951393399836317726529055156130358029 545454
855 222951653082308334340287140121242542054 245246532739819949499181960671743393831 545455
856 245246614018360819140299903883446893386 269771186013801944449100156738917733214 545454
857 269771545191742092796422690694482277206 296748304615182138894010172412809506535 545455
858 296748452420539284959994159768797364262 326423135076700352783411189654090457188 545454
859 326423624086217299673293249038926139614 359065448584370388061752308619499502906 545455
860 359065687273432968446482201874317191644 394971993442807426867927539481449453196 545454
861 394972650973427238718369140430889341697 434469192787088169554720293429594398515 545455
862 434469554012808285249968346167023136680 477916112065796986510192322772553838366 545454
863 477916987331076444851410032193757644105 525707723272376685161211555049809222202 545455
864 525708247973977444355347405956961777714 578278495599614353677332710554790144422 545455
865 578278590872549461666330757943693002407 636106345159575789045065981610269158864 545454
866 636107086066890474723438557176619479267 699716979675533367949572579771296074750 545455
867 699717211575903208943108293637370062718 769688677643086704744529837748425682225 545454
868 769689702423195953033372156373263442253 846657545407395375218982821523268250447 545455
869 846657967117209617328694931431480260244 931323299948134912740881103675595075491 545454
870 931324695153625732687297111871740158008 1024455629942948404014969214043154583040 545455
871 1024456310955395843126157551260954789679 1126901192937243244416466135447470041344 545454
872 1126903068954004381443154749541799810446 1239591312230967568858112748992217045478 545455
873 1239592342855785773099325975057667243434 1363550443454064325743924023891438750025 545454
874 1363552940694305044714303286866720834498 1499905487799470758318316426280582625027 545455
875 1499906984841248181478915716456962537145 1649896036579417834150148068908640887529 545455
876 1649896308411782656474593559274692728615 1814885640237359617565162875799504976281 545454
877 1814887754140715062837115752317914319390 1996374204261095579321679163379455473909 545455
878 1996374865909064978233345466428483727592 2196011624687205137253847079717401021299 545454
879 2196014548514519990576670589741921842273 2415612787155925650979231787689141123428 545455
880 2415613990354313361039870115491017783985 2657174065871518216077154966458055235770 545454
881 2657178046567791264935122062162181724565 2922891472458670037684870463103860759347 545455
882 2922893415480057491380724784441079529455 3215180619704537041453357509414246835281 545454
883 3215185972214035454554251817137004619405 3536698681674990745598693260355671518809 545455
884 3536701622184087179937027051328162307876 3890368549842489820158562586391238670689 545454
885 3890375674778170676101405857866836405500 4279405404826738802174418845030362537757 545455
886 4279409676081257675996816446306481457315 4707345945309412682391860729533398791532 545455
887 4707346720900449359888698183688643195843 5178080539840353950631046802486738670685 545454
888 5178086571077065372942940944998452513879 5695888593824389345694151482735412537753 545455
889 5695890481609370569095094126919858665384 6265477453206828280263566631008953791528 545454
890 6265485795256102882107485647097491629414 6892025198527511108289923294109849170680 545455
891 6892028631424520316551303752387447136149 7581227718380262219118915623520834087748 545454
892 7581239075806048154254588382214574064337 8339350490218288441030807185872917496522 545455
893 8339356033923291366937241439401498636188 9173285539240117285133887904460209246174 545454
894 9173300810616431120062085645427293927100 10090614093164129013647276694906230170791 545455
895 10090622482826005210397285545565402015308 11099675502480541915012004364396853187870 545454
896 11099695830804436535873549973671915888754 12209643052728596106513204800836538506657 545455
897 12209655239172180879310172212562263675743 13430607358001455717164525280920192357322 545455
898 13430609570914756538277407535978876727586 14773668093801601288880977809012211593054 545454
899 14773685301691533883639031928608693009037 16251034903181761417769075589913432752359 545455
900 16251040289327112832742241169601920975006 17876138393499937559545983148904776027594 545454
901 17876162194422018538035003321565434637941 19663752232849931315500581463795253630353 545455
902 19663762027395864228618313138461029384210 21630127456134924447050639610174778993388 545454
903 21630159860295310946791091243398375721006 23793140201748416891755703571192256892726 545455
904 23793156018694826462448148327614606947600 26172454221923258580931273928311482581998 545454
905 26172497793062102170795133955510023152383 28789699644115584439024401321142630840197 545455
906 28789723580931994944545526896455278421555 31668669608527142882926841453256893924216 545454
907 31668727607752802191802271388372194635905 34835536569379857171219525598582583316637 545455
908 34835571338885300006565826389020756582198 38319090226317842888341478158440841648300 545455
909 38319096540193379846072537300808414900072 42150999248949627177175625974284925813130 545454
910 42151048345261063091742882773772030162109 46366099173844589894893188571713418394443 545455
911 46366114541358384935596391387489743603533 51002709091229048884382507428884760233887 545454
912 51002776998271221700377730903969621933508 56102980000351953772820758171773236257275 545455
913 56103007945591722543980050677657686078787 61713278000387149150102833988950559883002 545454
914 61713370453521348319726375471798926485592 67884605800425864065113117387845615871302 545455
915 67884650928331042875829949827353963005848 74673066380468450471624429126630177458432 545454
916 74673190694354841518254463064552423858856 82140373018515295518786872039293195204275 545455
917 82140441313422564484609505529753058117193 90354410320366825070665559243222514724702 545454
918 90354575799340620273690729773458137387049 99389851352403507577732115167544766197172 545455
919 99389950554315887037820604566966811986743 109328836487643858335505326684299242816889 545455
920 109328854502368723767666191968503519432484 120261720136408244169055859352729167098577 545454
921 120261860214465810610243421408775280151012 132287892150049068585961445288002083808434 545455
922 132287935995965728366494124804548804375442 145516681365053975444557589816802292189277 545454
923 145516875112437413640557177842181526994513 160068349501559372989013348798482521408204 545455
924 160068429233323460568395755296603599190964 176075184451715310287914683678330773549024 545454
925 176075448232104038729274060100324059434119 193682702896886841316706152046163850903926 545455
926 193682831652954731806591627284000395377201 213050973186575525448376767250780235994318 545454
927 213051327869578074565325355337755772670693 234356070505233077993214443975858259593749 545455
928 234356265359648082315122628269341125486824 257791677555756385792535888373444085553123 545454
929 257792149687762578309213200309475547511053 283570845311332024371789477210788494108435 545455
930 283571128347265213419123337737641654227446 311927929842465226808968424931867343519278 545455
931 311927981242007366421563653541694534904744 343120722826711749489865267425054077871205 545454
932 343121122487330590394310413206277194672413 377432795109382924438851794167559485658325 545455
933 377432920208630142241956252896694166894515 415176074620321216882736973584315434224157 545454
934 415176627406120562586714464900828484412450 456693682082353338571010670942746977646572 545455
935 456693909568474645116514980961760531386585 502363050290588672428111738037021675411229 545454
936 502363802889124998753165232223168807694051 552599355319647539670922911840723842952351 545455
937 552599722678268600071315029349627897106875 607859290851612293638015203024796227247586 545454
938 607860302806398266476713008997599684417246 668645219936773523001816723327275849972344 545455
939 668645775882224857937002695728446545820182 735509741930450875301998395660003434969578 545454
940 735511088981536325267028232329523529925730 809060716123495962832198235226003778466535 545455
941 809061523661753572999086889656734502306217 889966787735845559115418058748604156313188 545455
942 889966934388816939618212563445271748143715 978963466509430115026959864623464571944506 545454
943 978964606792305425885459705249504172462258 1076859813160373126529655851085811029138956 545455
944 1076860170088060895089926434169092782131165 1184545794476410439182621436194392132052851 545454
945 1184547371644238628837547915133917194261475 1303000373924051483100883579813831345258136 545455
946 1303001022974476679657402992144815459674739 1433300411316456631410971937795214479783949 545454
947 1433302558574482922106065397424694430336643 1576630452448102294552069131574735927762343 545455
948 1576631500572347404027168581193346212248463 1734293497692912524007276044732209520538577 545454
949 1734296384925967070396955836268517101990411 1907722847462203776408003649205430472592434 545455
950 1907724433648202403934648141021917960591151 2098495132208424154048804014125973519851677 545454
951 2098498975511998156326269281393391150041416 2308344645429266569453684415538570871836844 545455
952 2308346949440740104675475646636358068080500 2539179109972193226399052857092427959020528 545455
953 2539179528401873780248206337794712379294900 2793097020969412549038958142801670754922580 545454
954 2793100274342335500608527580101763718988108 3072406723066353803942853957081837830414838 545455
955 3072407741436784520015613658433891395977422 3379647395372989184337139352790021613456321 545454
956 3379651895232358204375379399656680192255356 3717612134910288102770853288069023774801953 545455
957 3717613986743938404864246619416832030787532 4089373348401316913047938616875926152282148 545454
958 4089379474797807043157714439072954306820592 4498310683241448604352732478563518767510362 545455
959 4498313673682859678423753863185363749699526 4948141751565593464788005726419870644261398 545454
960 4948149989201134847400976650480550605220083 5442955926722152811266806299061857708687537 545455
961 5442960452320871398081575914215343819622241 5987251519394368092393486928968043479556290 545454
962 5987262484815443353333086838723716925301390 6585976671333804901632835621864847827511919 545455
963 6585983244977616873985667201206754278869629 7244574338467185391796119184051332610263110 545455
964 7244575532329101620466216866146707917833327 7969031772313903930975731102456465871289421 545454
965 7969041054603066385579224131985510695127354 8765934949545294324073304212702112458418363 545455
966 8765937855115160428170123070081503363387286 9642528444499823756480634633972323704260199 545454
967 9642541283167959638946774323863977563703578 10606781288949806132128698097369556074686218 545455
968 10606786572495945189553793794755546357118638 11667459417844786745341567907106511682154839 545454
969 11667476897222436930946104120335221328051829 12834205359629265419875724697817162850370322 545455
970 12834213891766437485342810080027010105015257 14117625895592191961863297167598879135407354 545454
971 14117649398592479826356917444947156062672845 15529388485151411158049626884358767048948089 545455
972 15529401397283896739078659957225240647906256 17082327333666552273854589572794643753842897 545454
973 17082358619370905783892309845257609970306851 18790560067033207501240048530074108129227186 545455
974 18790578822492310952022414144438250602128700 20669616073736528251364053383081518942149904 545455
975 20669619480058641998356323595279079596441906 22736577681110181076500458721389670836364894 545454
976 22736604164668670866862822817629805185891282 25010235449221199184150504593528637920001383 545455
977 25010243739265755232086411694049707329724302 27511258994143319102565555052881501712001521 545454
978 27511295624487955243250296113750791813488545 30262384893557651012822110558169651883201673 545455
979 30262399968270110542483206989120046728131792 33288623382913416114104321613986617071521840 545454
980 33288673253770375367106894794926846327791298 36617485721204757725514753775385278778674024 545455
981 36617510064555692440740550323960927659797377 40279234293325233498066229152923806656541426 545454
982 40279301350312611997426602782959803385580500 44307157722657756847872852068216187322195568 545455
983 44307194562681737629054572182445631686112144 48737873494923532532660137275037806054415124 545454
984 48737962756912668304628334029024223878947237 53611660844415885785926151002541586659856636 545455
985 53611714356175304989003676595529483325605856 58972826928857474364518766102795745325842299 545455
986 58972836647762295685990972595938601709331683 64870109621743221800970642713075319858426528 545454
987 64870185182723707978298048153580615460880312 71357120583917543981067706984382851844269180 545455
988 71357144236709214851782143150486051601925341 78492832642309298379174477682821137028696098 545454
989 78492937153317289654250011715546372308490183 86342115906540228217091925451103250731565707 545455
990 86342158916849921244740642269899117956740904 94976327497194251038801117996213575804722277 545454
991 94976469785004698373913080409969439721854716 104473960246913676142681229795834933385194504 545455
992 104474029701813750033179360801499049111499261 114921356271605043756949352775418426723713954 545454
993 114921547593542718579215876097525051547700734 126413491898765548132644288052960269396085349 545455
994 126413597008232816909790038882245154831508447 139054841088642102945908716858256296335693883 545454
995 139055095764151862752631795402265072579731871 152960325197506313240499588544081925969263271 545455
996 152960477873502154442766272637264382117386626 168256357717256944564549547398490118566189598 545455
997 168256385447197830555517436969793345501337370 185081993488982639021004502138339130422808557 545454
998 185082209074126687737756918423691103742574849 203590192837880902923104952352173043465089412 545455
999 203590260322989087353959815299547464493945255 223949212121668993215415447587390347811598353 545454
545510
