0 1000 1000 600000
1 1000 1005 597014
2 1005 1052 573193
3 1052 960 657500
4 960 1029 559766
5 1029 1109 556717
6 1109 1029 646647
7 1029 1119 551742
8 1119 1174 571890
9 1174 1186 593929
10 1186 1117 637063
11 1117 1104 607065
12 1104 1004 659760
13 1004 958 628810
14 958 898 640089
15 898 986 546450
16 986 989 598179
17 989 919 645701
18 919 992 555846
19 992 1017 585250
20 1017 924 660389
21 924 1019 544062
22 1019 967 632264
23 967 1037 559498
24 1037 949 655637
25 949 895 636201
26 895 920 583695
27 920 895 616759
28 895 946 567653
29 946 1033 549467
30 1033 1044 593678
31 1044 1017 615929
32 1017 1002 608982
33 1002 969 620433
34 969 975 596307
35 975 991 590312
36 991 933 637299
37 933 854 655503
38 854 898 570601
39 898 910 592087
40 910 986 553752
41 986 951 622082
42 951 972 587037
43 972 984 592682
44 984 1015 581674
45 1015 1110 548648
46 1110 1016 655511
47 1016 1003 607776
48 1003 1058 568809
49 1058 1148 552961
50 1148 1102 625045
51 1102 1013 652714
52 1013 940 646595
53 940 892 632286
54 892 977 547799
55 977 993 590332
56 993 1019 584690
57 1019 1055 579526
58 1055 954 663522
59 954 876 653424
60 876 809 649690
61 809 834 582014
62 834 808 619306
63 808 761 637056
64 761 728 627197
65 728 695 628489
66 695 685 608759
67 685 620 662903
68 620 642 579439
69 642 596 646308
70 596 578 618685
71 578 629 551351
72 629 666 566666
73 666 701 570042
74 701 639 658215
75 639 655 585343
76 655 714 550420
77 714 666 643243
78 666 709 563610
79 709 730 582739
80 730 719 609179
81 719 706 611048
82 706 687 616593
83 687 664 620783
84 664 619 643618
85 619 598 621070
86 598 635 565039
87 635 697 546628
88 697 733 570532
89 733 692 635549
90 692 705 588936
91 705 661 639939
92 661 719 551599
93 719 736 586141
94 736 769 574252
95 769 752 613563
96 752 782 576982
97 782 731 641860
98 731 766 572584
99 766 795 578113
100 795 818 583129
101 818 888 552702
102 888 903 590033
103 903 964 562033
104 964 1000 578400
105 1000 980 612244
106 980 988 595141
107 988 1007 588679
108 1007 932 648283
109 932 926 603887
110 926 929 598062
111 929 836 666746
112 836 912 550000
113 912 971 563542
114 971 988 589676
115 988 973 609249
116 973 987 591489
117 987 1029 575510
118 1029 991 623007
119 991 979 607354
120 979 951 617665
121 951 969 588854
122 969 1003 579661
123 1003 925 650594
124 925 846 656028
125 846 904 561504
126 904 966 561490
127 966 987 587234
128 987 987 600000
129 987 1081 547826
130 1081 1077 602228
131 1077 1109 582687
132 1109 1004 662749
133 1004 985 611573
134 985 952 620798
135 952 982 581670
136 982 963 611838
137 963 917 630098
138 917 838 656563
139 838 910 552527
140 910 856 637850
141 856 796 645226
142 796 721 662413
143 721 788 548984
144 788 769 614824
145 769 824 559951
146 824 855 578245
147 855 866 592378
148 866 820 633658
149 820 787 625158
150 787 838 563484
151 838 763 658977
152 763 773 592238
153 773 776 597680
154 776 840 554285
155 840 865 582658
156 865 809 641532
157 809 730 664931
158 730 774 565891
159 774 725 640551
160 725 743 585464
161 743 735 606530
162 735 783 563218
163 783 831 565342
164 831 878 567881
165 878 945 557460
166 945 859 660069
167 859 821 627771
168 821 905 544309
169 905 961 565036
170 961 944 610805
171 944 998 567535
172 998 987 606686
173 987 978 605521
174 978 1019 575858
175 1019 1106 552802
176 1106 1100 603272
177 1100 1169 564585
178 1169 1214 577759
179 1214 1159 628472
180 1159 1177 590824
181 1177 1231 573679
182 1231 1195 618075
183 1195 1105 648868
184 1105 1158 572538
185 1158 1155 601558
186 1155 1173 590792
187 1173 1097 641567
188 1097 1158 568393
189 1158 1170 593846
190 1170 1107 634146
191 1107 1141 582120
192 1141 1114 614542
193 1114 1007 663753
194 1007 1096 551277
195 1096 1142 575831
196 1142 1028 666536
197 1028 982 628105
198 982 984 598780
199 984 1083 545152
200 1083 1190 546050
201 1190 1087 656853
202 1087 1057 617029
203 1057 1034 613346
204 1034 1044 594252
205 1044 1144 547552
206 1144 1122 611764
207 1122 1193 564291
208 1193 1098 651912
209 1098 1141 577388
210 1141 1211 565317
211 1211 1266 573933
212 1266 1364 556891
213 1364 1426 573913
214 1426 1306 655130
215 1306 1433 546824
216 1433 1441 596668
217 1441 1587 544801
218 1587 1699 560447
219 1699 1557 654720
220 1557 1522 613797
221 1522 1628 560933
222 1628 1701 574250
223 1701 1627 627289
224 1627 1737 562003
225 1737 1674 622580
226 1674 1727 581586
227 1727 1621 639235
228 1621 1567 620676
229 1567 1557 603853
230 1557 1546 604269
231 1546 1437 645511
232 1437 1482 581781
233 1482 1563 568905
234 1563 1616 580321
235 1616 1701 570017
236 1701 1731 589601
237 1731 1850 561405
238 1850 1892 586680
239 1892 1716 661538
240 1716 1700 605647
241 1700 1681 606781
242 1681 1570 642420
243 1570 1676 562052
244 1676 1672 601435
245 1672 1804 556097
246 1804 1832 590829
247 1832 1797 611686
248 1797 1789 602683
249 1789 1831 586237
250 1831 1860 590645
251 1860 1675 666268
252 1675 1725 582608
253 1725 1578 655893
254 1578 1513 625776
255 1513 1516 598812
256 1516 1497 607615
257 1497 1417 633874
258 1417 1555 546752
259 1555 1491 625754
260 1491 1541 580532
261 1541 1416 652966
262 1416 1349 629799
263 1349 1300 622615
264 1300 1378 566037
265 1378 1497 552304
266 1497 1377 652287
267 1377 1299 636027
268 1299 1349 577761
269 1349 1347 600890
270 1347 1298 622650
271 1298 1272 612264
272 1272 1377 554248
273 1377 1352 611094
274 1352 1274 636734
275 1274 1274 600000
276 1274 1386 551515
277 1386 1254 663157
278 1254 1174 640885
279 1174 1219 577850
280 1219 1162 629432
281 1162 1278 545539
282 1278 1359 564238
283 1359 1331 612622
284 1331 1236 646116
285 1236 1258 589507
286 1258 1327 568801
287 1327 1453 547969
288 1453 1582 551074
289 1582 1550 612387
290 1550 1709 544177
291 1709 1850 554270
292 1850 1781 623245
293 1781 1715 623090
294 1715 1642 626674
295 1642 1632 603676
296 1632 1653 592377
297 1653 1618 612978
298 1618 1575 616380
299 1575 1732 545612
300 1732 1768 587782
301 1768 1656 640579
302 1656 1780 558202
303 1780 1683 634581
304 1683 1841 548506
305 1841 1916 576513
306 1916 1986 578851
307 1986 2148 554748
308 2148 1997 645368
309 1997 2086 574400
310 2086 2213 565567
311 2213 2432 545970
312 2432 2500 583680
313 2500 2522 594766
314 2522 2746 551056
315 2746 2916 565020
316 2916 2630 665247
317 2630 2679 589025
318 2679 2954 544143
319 2954 3190 555611
320 3190 3327 575293
321 3327 3410 585395
322 3410 3174 644612
323 3174 3212 592901
324 3212 3391 568327
325 3391 3251 625838
326 3251 2997 650850
327 2997 2712 663053
328 2712 2712 600000
329 2712 2872 566573
330 2872 3032 568337
331 3032 3144 578625
332 3144 3241 582042
333 3241 3419 568762
334 3419 3148 651651
335 3148 3418 552603
336 3418 3387 605491
337 3387 3698 549540
338 3698 3653 607391
339 3653 3733 587141
340 3733 4039 554543
341 4039 3756 645207
342 3756 3921 574751
343 3921 3677 639815
344 3677 3827 576482
345 3827 3922 585466
346 3922 4098 574231
347 4098 3733 658665
348 3733 3859 580409
349 3859 4210 549976
350 4210 4458 566621
351 4458 4796 557714
352 4796 4920 584878
353 4920 4998 590636
354 4998 4608 650781
355 4608 4220 655165
356 4220 4557 555628
357 4557 4675 584855
358 4675 4221 664534
359 4221 4478 565564
360 4478 4536 592328
361 4536 4930 552048
362 4930 4545 650825
363 4545 4285 636406
364 4285 3963 648750
365 3963 3824 621809
366 3824 3736 614132
367 3736 4031 556090
368 4031 3692 655092
369 3692 3828 578683
370 3828 3919 586067
371 3919 4060 579162
372 4060 4336 561808
373 4336 3902 666735
374 3902 4272 548033
375 4272 4370 586544
376 4370 4016 652888
377 4016 4040 596435
378 4040 3745 647263
379 3745 3411 658751
380 3411 3520 581420
381 3520 3762 561403
382 3762 3476 649367
383 3476 3277 636435
384 3277 3149 624388
385 3149 2890 653771
386 2890 3170 547003
387 3170 2919 651593
388 2919 2708 646750
389 2708 2480 655161
390 2480 2710 549077
391 2710 2571 632438
392 2571 2367 651711
393 2367 2371 598987
394 2371 2202 646049
395 2202 2162 611100
396 2162 2066 627879
397 2066 2123 583890
398 2123 2046 622580
399 2046 2007 611659
400 2007 1942 620082
401 1942 1844 631887
402 1844 1670 662514
403 1670 1516 660949
404 1516 1387 655803
405 1387 1424 584410
406 1424 1347 634298
407 1347 1252 645527
408 1252 1263 594774
409 1263 1146 661256
410 1146 1085 633732
411 1085 1026 634502
412 1026 1095 562191
413 1095 1192 551174
414 1192 1222 585270
415 1222 1102 665335
416 1102 1201 550541
417 1201 1319 546322
418 1319 1249 633626
419 1249 1355 553062
420 1355 1348 603115
421 1348 1290 626976
422 1290 1291 599535
423 1291 1297 597224
424 1297 1195 651213
425 1195 1258 569952
426 1258 1141 661524
427 1141 1243 550764
428 1243 1291 577691
429 1291 1372 564577
430 1372 1418 580535
431 1418 1301 653958
432 1301 1308 596788
433 1308 1427 549964
434 1427 1491 574245
435 1491 1470 608571
436 1470 1503 586826
437 1503 1587 568241
438 1587 1487 640349
439 1487 1452 614462
440 1452 1402 621398
441 1402 1409 597019
442 1409 1517 557284
443 1517 1517 600000
444 1517 1564 581969
445 1564 1557 602697
446 1557 1714 545040
447 1714 1804 570066
448 1804 1674 646594
449 1674 1739 577573
450 1739 1646 633900
451 1646 1491 662374
452 1491 1464 611065
453 1464 1513 580568
454 1513 1565 580063
455 1565 1662 564981
456 1662 1542 646692
457 1542 1628 568304
458 1628 1663 587372
459 1663 1696 588325
460 1696 1760 578181
461 1760 1925 548571
462 1925 2121 544554
463 2121 2129 597745
464 2129 2052 622514
465 2052 2015 611017
466 2015 2162 559204
467 2162 2373 546649
468 2373 2584 551006
469 2584 2762 561332
470 2762 2527 655797
471 2527 2501 606237
472 2501 2658 564559
473 2658 2825 564530
474 2825 2545 666011
475 2545 2527 604273
476 2527 2729 555588
477 2729 2840 576549
478 2840 2840 600000
479 2840 3132 544061
480 3132 3063 613516
481 3063 3176 578652
482 3176 3477 548058
483 3477 3386 616125
484 3386 3155 643930
485 3155 3451 548536
486 3451 3613 573097
487 3613 3295 657905
488 3295 3298 599454
489 3298 3096 639147
490 3096 3099 599419
491 3099 3266 569320
492 3266 2958 662474
493 2958 3221 551009
494 3221 2940 657346
495 2940 2725 647339
496 2725 2953 553674
497 2953 3050 580918
498 3050 2885 634315
499 2885 2792 619985
500 2792 2736 612280
501 2736 2968 553099
502 2968 2816 632386
503 2816 2875 587686
504 2875 2843 606753
505 2843 2771 615590
506 2771 2793 595273
507 2793 2829 592364
508 2829 2953 574805
509 2953 3023 586106
510 3023 3059 592938
511 3059 3267 561799
512 3267 3440 569825
513 3440 3529 584868
514 3529 3818 554583
515 3818 4195 546078
516 4195 4518 557104
517 4518 4594 590074
518 4594 4446 619973
519 4446 4703 567212
520 4703 4872 579187
521 4872 4662 627027
522 4662 4251 658009
523 4251 4493 567683
524 4493 4147 650060
525 4147 4532 549029
526 4532 4781 568751
527 4781 4704 609821
528 4704 4929 572611
529 4929 5209 567748
530 5209 5313 588255
531 5313 5313 600000
532 5313 5573 572007
533 5573 5645 592347
534 5645 6220 544533
535 6220 5964 625754
536 5964 5904 606097
537 5904 5508 643137
538 5508 5441 607388
539 5441 5511 592378
540 5511 5477 603724
541 5477 5548 592321
542 5548 5131 648762
543 5131 4643 663062
544 4643 4355 639678
545 4355 4189 623776
546 4189 4377 574228
547 4377 4547 577567
548 4547 4992 546514
549 4992 4832 619867
550 4832 4614 628348
551 4614 4226 655087
552 4226 4006 632950
553 4006 3717 646650
554 3717 4025 554086
555 4025 3771 640413
556 3771 3676 615505
557 3676 3841 574225
558 3841 3698 623201
559 3698 3942 562861
560 3942 4091 578147
561 4091 4082 601322
562 4082 4045 605488
563 4045 3923 618659
564 3923 3746 628350
565 3746 3562 630993
566 3562 3316 644511
567 3316 3418 582094
568 3418 3318 618083
569 3318 3427 580916
570 3427 3423 600701
571 3423 3693 556133
572 3693 3951 560820
573 3951 4286 553103
574 4286 4380 587123
575 4380 4511 582575
576 4511 4849 558176
577 4849 5319 546982
578 5319 5818 548539
579 5818 6213 561854
580 6213 5628 662366
581 5628 5211 648013
582 5211 5476 570964
583 5476 5256 625114
584 5256 4893 644512
585 4893 4589 639747
586 4589 4322 637066
587 4322 4417 587095
588 4417 4010 660897
589 4010 3777 637013
590 3777 4101 552596
591 4101 3895 631732
592 3895 3797 615485
593 3797 3660 622459
594 3660 4026 545454
595 4026 3792 637025
596 3792 3845 591729
597 3845 3545 650775
598 3545 3814 557682
599 3814 3943 580370
600 3943 3611 655164
601 3611 3762 575917
602 3762 4017 561911
603 4017 3888 619907
604 3888 4202 555164
605 4202 4466 564532
606 4466 4519 592963
607 4519 4130 656513
608 4130 3968 624495
609 3968 4154 573134
610 4154 3983 625759
611 3983 3859 619279
612 3859 3770 614164
613 3770 3901 579851
614 3901 3889 601851
615 3889 4289 544042
616 4289 3941 652981
617 3941 4145 570470
618 4145 4551 546473
619 4551 4628 590017
620 4628 4785 580313
621 4785 4966 578131
622 4966 5422 549538
623 5422 5720 568741
624 5720 5188 661526
625 5188 5488 567201
626 5488 5756 572063
627 5756 5249 657953
628 5249 5411 582036
629 5411 5400 601222
630 5400 5859 552995
631 5859 5788 607360
632 5788 5747 604280
633 5747 6057 569291
634 6057 5808 625723
635 5808 5813 599483
636 5813 5429 642438
637 5429 5228 623068
638 5228 5280 594090
639 5280 5206 608528
640 5206 4810 649397
641 4810 4747 607962
642 4747 4452 639757
643 4452 4901 545031
644 4901 5371 547495
645 5371 5134 627697
646 5134 5056 609256
647 5056 5172 586542
648 5172 4830 642484
649 4830 4506 643142
650 4506 4190 645250
651 4190 4592 547473
652 4592 4738 581511
653 4738 4354 652916
654 4354 4092 638416
655 4092 4182 587087
656 4182 3822 656514
657 3822 4208 544961
658 4208 3938 641137
659 3938 3906 604915
660 3906 4097 572028
661 4097 4097 600000
662 4097 3838 640489
663 3838 4022 572550
664 4022 3704 651511
665 3704 3581 620608
666 3581 3666 586088
667 3666 3460 635722
668 3460 3259 637005
669 3259 3278 596522
670 3278 3255 604239
671 3255 3414 572056
672 3414 3414 600000
673 3414 3106 659497
674 3106 3345 557130
675 3345 3552 565033
676 3552 3264 652941
677 3264 3495 560343
678 3495 3585 584937
679 3585 3599 597666
680 3599 3534 611035
681 3534 3247 653033
682 3247 3172 614186
683 3172 3222 590689
684 3222 3473 556636
685 3473 3653 570435
686 3653 3474 630915
687 3474 3637 573109
688 3637 3447 633072
689 3447 3491 592437
690 3491 3449 607306
691 3449 3224 641873
692 3224 3020 640529
693 3020 3041 595856
694 3041 2776 657276
695 2776 2748 606113
696 2748 2720 606176
697 2720 2758 591733
698 2758 2912 568269
699 2912 2684 650968
700 2684 2748 586026
701 2748 2822 584266
702 2822 2982 567806
703 2982 3256 549508
704 3256 3086 633052
705 3086 3345 553542
706 3345 3475 577553
707 3475 3568 584360
708 3568 3328 643269
709 3328 3068 650847
710 3068 3282 560877
711 3282 3419 575957
712 3419 3309 619945
713 3309 3520 564034
714 3520 3199 660206
715 3199 3384 567198
716 3384 3252 624354
717 3252 3570 546554
718 3570 3916 546986
719 3916 4045 580865
720 4045 3850 630389
721 3850 4196 550524
722 4196 4603 546947
723 4603 4653 593552
724 4653 4643 601292
725 4643 4601 605477
726 4601 4545 607392
727 4545 4704 579719
728 4704 4718 598219
729 4718 5142 550525
730 5142 5249 587769
731 5249 5542 568278
732 5542 5586 595273
733 5586 5530 606075
734 5530 5452 608584
735 5452 5375 608595
736 5375 5170 623791
737 5170 4678 663103
738 4678 5075 553064
739 5075 4892 622444
740 4892 4549 645240
741 4549 4407 619332
742 4407 4292 616076
743 4292 3910 658618
744 3910 3847 609825
745 3847 4158 555122
746 4158 4328 576432
747 4328 4241 612308
748 4241 4597 553534
749 4597 4261 647312
750 4261 4231 604254
751 4231 3930 645954
752 3930 3694 638332
753 3694 3989 555627
754 3989 3781 633007
755 3781 4102 553047
756 4102 4134 595355
757 4134 3952 627631
758 3952 4106 577496
759 4106 4315 570938
760 4315 4120 628398
761 4120 4321 572089
762 4321 4550 569802
763 4550 4914 555555
764 4914 5400 546000
765 5400 5135 630963
766 5135 4924 625710
767 4924 5278 559757
768 5278 5768 549029
769 5768 5606 617338
770 5606 5432 619219
771 5432 5171 630284
772 5171 4891 634348
773 4891 4744 618591
774 4744 4274 665980
775 4274 4556 562862
776 4556 4747 575858
777 4747 5136 554556
778 5136 5248 587195
779 5248 4807 655044
780 4807 4326 666712
781 4326 4676 555089
782 4676 4451 630330
783 4451 4068 656489
784 4068 4255 573631
785 4255 4195 608581
786 4195 4207 598288
787 4207 3845 656488
788 3845 3814 604876
789 3814 3474 658721
790 3474 3508 594184
791 3508 3483 604306
792 3483 3200 653062
793 3200 3523 544990
794 3523 3589 588966
795 3589 3660 588360
796 3660 3385 648744
797 3385 3381 600709
798 3381 3665 553506
799 3665 3452 637022
800 3452 3327 622542
801 3327 3586 556664
802 3586 3629 592890
803 3629 3458 629670
804 3458 3561 582645
805 3561 3486 612908
806 3486 3768 555095
807 3768 3696 611688
808 3696 4028 550546
809 4028 3778 639703
810 3778 3453 656472
811 3453 3162 655218
812 3162 3225 588279
813 3225 3005 643926
814 3005 3263 552558
815 3263 3054 641060
816 3054 2992 612433
817 2992 3006 597205
818 3006 3114 579190
819 3114 3064 609791
820 3064 3103 592458
821 3103 2988 623092
822 2988 3143 570410
823 3143 3447 547084
824 3447 3419 604913
825 3419 3552 577533
826 3552 3576 595973
827 3576 3854 556720
828 3854 3622 638431
829 3622 3727 583096
830 3727 3917 570896
831 3917 4101 573079
832 4101 4429 555565
833 4429 4832 549958
834 4832 4672 620547
835 4672 4868 575842
836 4868 5286 552553
837 5286 5513 575294
838 5513 5242 631018
839 5242 5409 581475
840 5409 5409 600000
841 5409 5225 621129
842 5225 5763 543987
843 5763 6074 569278
844 6074 5685 641055
845 5685 5991 569354
846 5991 5571 645234
847 5571 5398 619229
848 5398 5678 570412
849 5678 5365 635004
850 5365 5863 549036
851 5863 6097 576972
852 6097 5901 619928
853 5901 6184 572542
854 6184 6567 565006
855 6567 6888 572038
856 6888 6309 655064
857 6309 6422 589442
858 6422 6505 592344
859 6505 6817 572539
860 6817 7430 550497
861 7430 6902 645899
862 6902 6694 618643
863 6694 7062 568734
864 7062 6934 611075
865 6934 6511 638980
866 6511 6022 648721
867 6022 5702 633672
868 5702 5274 648691
869 5274 5521 573157
870 5521 5841 567128
871 5841 5864 597646
872 5864 6139 573122
873 6139 6378 577516
874 6378 6735 568195
875 6735 6169 655049
876 6169 5632 657208
877 5632 5998 563387
878 5998 5836 616655
879 5836 5800 603724
880 5800 6258 556088
881 6258 5769 650858
882 5769 6068 570435
883 6068 6547 556102
884 6547 6049 649396
885 6049 6575 552000
886 6575 5943 663806
887 5943 6287 567170
888 6287 6387 590605
889 6387 5978 641050
890 5978 5816 616712
891 5816 5699 612317
892 5699 5442 628335
893 5442 5768 566088
894 5768 5756 601250
895 5756 6072 568774
896 6072 5974 609842
897 5974 5746 623807
898 5746 5849 589434
899 5849 5942 590609
900 5942 6554 543973
901 6554 6691 587714
902 6691 6149 652886
903 6149 5730 643874
904 5730 5804 592350
905 5804 6100 570885
906 6100 6490 563944
907 6490 6567 592964
908 6567 6317 623745
909 6317 6620 572537
910 6620 7169 554052
911 7169 7176 599414
912 7176 6731 639667
913 6731 7235 558203
914 7235 6887 630317
915 6887 6907 598262
916 6907 6941 597060
917 6941 6934 600605
918 6934 7107 585394
919 7107 6417 664516
920 6417 5877 655130
921 5877 5306 664568
922 5306 4775 666722
923 4775 4736 604940
924 4736 4991 569344
925 4991 5490 545464
926 5490 5303 621157
927 5303 4953 642398
928 4953 4531 655881
929 4531 4689 579782
930 4689 4660 603733
931 4660 4347 643202
932 4347 4386 594664
933 4386 4434 593504
934 4434 4407 603675
935 4407 4411 599455
936 4411 4040 655099
937 4040 4322 560851
938 4322 4572 567191
939 4572 4882 561900
940 4882 4784 612290
941 4784 4324 663829
942 4324 4181 620521
943 4181 4540 552555
944 4540 4553 598286
945 4553 4489 608554
946 4489 4318 623761
947 4318 3963 653747
948 3963 4280 555560
949 4280 4708 545454
950 4708 4265 662321
951 4265 4388 583181
952 4388 3949 666700
953 3949 4059 583739
954 4059 4059 600000
955 4059 3969 613605
956 3969 3679 647295
957 3679 3793 581966
958 3793 3546 641793
959 3546 3464 614203
960 3464 3418 608074
961 3418 3523 582117
962 3523 3357 629669
963 3357 3054 659528
964 3054 3133 584870
965 3133 3035 619373
966 3035 2798 650822
967 2798 2918 575325
968 2918 2888 606232
969 2888 2732 634260
970 2732 2969 552105
971 2969 2820 631702
972 2820 2983 567214
973 2983 2935 609812
974 2935 2929 601229
975 2929 2873 611695
976 2873 2674 644652
977 2674 2708 592466
978 2708 2513 646557
979 2513 2739 550492
980 2739 2706 607317
981 2706 2440 665409
982 2440 2583 566782
983 2583 2725 568733
984 2725 2659 614892
985 2659 2528 631091
986 2528 2677 566604
987 2677 2602 617294
988 2602 2578 605585
989 2578 2621 590156
990 2621 2738 574360
991 2738 2650 619924
992 2650 2618 607333
993 2618 2602 603689
994 2602 2851 547597
995 2851 2870 596027
996 2870 2956 582543
997 2956 3254 545052
998 3254 3123 625168
999 3123 2826 663057
600407
